0.43870304087176915 0.4935273826122284 0.236192973703146 5.445266429055482 
0.5812451036646962 0.4935273826122284 0.236192973703146 5.445266429055482 
0.43870304087176915 0.4456359170377254 0.236192973703146 5.445266429055482 
0.43870304087176915 0.4935273826122284 0.30324063263833523 5.445266429055482 
0.43870304087176915 0.4935273826122284 0.236192973703146 5.998292636871338 
0.43870304087176915 0.4456359170377254 0.30324063263833523 5.998292636871338 
0.5812451036646962 0.4935273826122284 0.30324063263833523 5.998292636871338 
0.5812451036646962 0.4456359170377254 0.236192973703146 5.998292636871338 
0.5812451036646962 0.4456359170377254 0.30324063263833523 5.445266429055482 
0.5812451036646962 0.4456359170377254 0.30324063263833523 5.998292636871338 
0.11927450131624937 0.2987811952829361 0.3627635631710291 2.2457463432103397 
0.16960614402778446 0.2987811952829361 0.3627635631710291 2.2457463432103397 
0.11927450131624937 0.11248528175055982 0.3627635631710291 2.2457463432103397 
0.11927450131624937 0.2987811952829361 0.25599601417779927 2.2457463432103397 
0.11927450131624937 0.2987811952829361 0.3627635631710291 0.6766559654846788 
0.11927450131624937 0.11248528175055982 0.25599601417779927 0.6766559654846788 
0.16960614402778446 0.2987811952829361 0.25599601417779927 0.6766559654846788 
0.16960614402778446 0.11248528175055982 0.3627635631710291 0.6766559654846788 
0.16960614402778446 0.11248528175055982 0.25599601417779927 2.2457463432103397 
0.16960614402778446 0.11248528175055982 0.25599601417779927 0.6766559654846788 
0.2268619663547724 0.3810022920370102 0.1928924735635519 5.17735197301954 
0.33056157971732314 0.3810022920370102 0.1928924735635519 5.17735197301954 
0.2268619663547724 0.20818332061171532 0.1928924735635519 5.17735197301954 
0.2268619663547724 0.3810022920370102 0.4156392864882946 5.17735197301954 
0.2268619663547724 0.3810022920370102 0.1928924735635519 3.2946509332396094 
0.2268619663547724 0.20818332061171532 0.4156392864882946 3.2946509332396094 
0.33056157971732314 0.3810022920370102 0.4156392864882946 3.2946509332396094 
0.33056157971732314 0.20818332061171532 0.1928924735635519 3.2946509332396094 
0.33056157971732314 0.20818332061171532 0.4156392864882946 5.17735197301954 
0.33056157971732314 0.20818332061171532 0.4156392864882946 3.2946509332396094 
0.5577162895817309 0.18625876903533936 0.40694249272346494 1.5467932424508037 
0.41655887747183434 0.18625876903533936 0.40694249272346494 1.5467932424508037 
0.5577162895817309 0.34993693642318247 0.40694249272346494 1.5467932424508037 
0.5577162895817309 0.18625876903533936 0.1684007126837969 1.5467932424508037 
0.5577162895817309 0.18625876903533936 0.40694249272346494 5.092058166395873 
0.5577162895817309 0.34993693642318247 0.1684007126837969 5.092058166395873 
0.41655887747183434 0.18625876903533936 0.1684007126837969 5.092058166395873 
0.41655887747183434 0.34993693642318247 0.40694249272346494 5.092058166395873 
0.41655887747183434 0.34993693642318247 0.1684007126837969 1.5467932424508037 
0.41655887747183434 0.34993693642318247 0.1684007126837969 5.092058166395873 
0.658592830505222 0.34019561633467676 0.32768842577934265 0.22553711077198388 
0.47680704533122475 0.34019561633467676 0.32768842577934265 0.22553711077198388 
0.658592830505222 0.4905549008399248 0.32768842577934265 0.22553711077198388 
0.658592830505222 0.34019561633467676 0.4529029209166765 0.22553711077198388 
0.658592830505222 0.34019561633467676 0.32768842577934265 2.3550965315662324 
0.658592830505222 0.4905549008399248 0.4529029209166765 2.3550965315662324 
0.47680704533122475 0.34019561633467676 0.4529029209166765 2.3550965315662324 
0.47680704533122475 0.4905549008399248 0.32768842577934265 2.3550965315662324 
0.47680704533122475 0.4905549008399248 0.4529029209166765 0.22553711077198388 
0.47680704533122475 0.4905549008399248 0.4529029209166765 2.3550965315662324 
0.32913220748305316 0.14586446806788445 0.2730136211961508 3.9110549477860332 
0.26892521558329463 0.14586446806788445 0.2730136211961508 3.9110549477860332 
0.32913220748305316 0.15506535470485688 0.2730136211961508 3.9110549477860332 
0.32913220748305316 0.14586446806788445 0.10018958374857903 3.9110549477860332 
0.32913220748305316 0.14586446806788445 0.2730136211961508 4.307428480405361 
0.32913220748305316 0.15506535470485688 0.10018958374857903 4.307428480405361 
0.26892521558329463 0.14586446806788445 0.10018958374857903 4.307428480405361 
0.26892521558329463 0.15506535470485688 0.2730136211961508 4.307428480405361 
0.26892521558329463 0.15506535470485688 0.10018958374857903 3.9110549477860332 
0.26892521558329463 0.15506535470485688 0.10018958374857903 4.307428480405361 
0.17965075722895563 0.4276690237224102 0.4966927323490381 3.512306171283126 
0.10932771787047385 0.4276690237224102 0.4966927323490381 3.512306171283126 
0.17965075722895563 0.253105153515935 0.4966927323490381 3.512306171283126 
0.17965075722895563 0.4276690237224102 0.36530293375253675 3.512306171283126 
0.17965075722895563 0.4276690237224102 0.4966927323490381 6.999337376467883 
0.17965075722895563 0.253105153515935 0.36530293375253675 6.999337376467883 
0.10932771787047385 0.4276690237224102 0.36530293375253675 6.999337376467883 
0.10932771787047385 0.253105153515935 0.4966927323490381 6.999337376467883 
0.10932771787047385 0.253105153515935 0.36530293375253675 3.512306171283126 
0.10932771787047385 0.253105153515935 0.36530293375253675 6.999337376467883 
0.5002246542368084 0.23334053978323938 0.10449730977416039 6.766364220995456 
0.6428324578795581 0.23334053978323938 0.10449730977416039 6.766364220995456 
0.5002246542368084 0.39251604378223426 0.10449730977416039 6.766364220995456 
0.5002246542368084 0.23334053978323938 0.21259559355676175 6.766364220995456 
0.5002246542368084 0.23334053978323938 0.10449730977416039 1.4014798838645222 
0.5002246542368084 0.39251604378223426 0.21259559355676175 1.4014798838645222 
0.6428324578795581 0.23334053978323938 0.21259559355676175 1.4014798838645222 
0.6428324578795581 0.39251604378223426 0.10449730977416039 1.4014798838645222 
0.6428324578795581 0.39251604378223426 0.21259559355676175 6.766364220995456 
0.6428324578795581 0.39251604378223426 0.21259559355676175 1.4014798838645222 
0.4926761568989604 0.3663046166300774 0.4552938405424357 4.308953168708831 
0.17471571504138408 0.3663046166300774 0.4552938405424357 4.308953168708831 
0.4926761568989604 0.30995150543749334 0.4552938405424357 4.308953168708831 
0.4926761568989604 0.3663046166300774 0.4982284147292376 4.308953168708831 
0.4926761568989604 0.3663046166300774 0.4552938405424357 2.2222990810871126 
0.4926761568989604 0.30995150543749334 0.4982284147292376 2.2222990810871126 
0.17471571504138408 0.3663046166300774 0.4982284147292376 2.2222990810871126 
0.17471571504138408 0.30995150543749334 0.4552938405424357 2.2222990810871126 
0.17471571504138408 0.30995150543749334 0.4982284147292376 4.308953168708831 
0.17471571504138408 0.30995150543749334 0.4982284147292376 2.2222990810871126 
0.16178700127638873 0.17273293286561966 0.14434590861201288 0.6901856463402509 
0.5762183385901153 0.17273293286561966 0.14434590861201288 0.6901856463402509 
0.16178700127638873 0.2446723893284798 0.14434590861201288 0.6901856463402509 
0.16178700127638873 0.17273293286561966 0.14859115406870843 0.6901856463402509 
0.16178700127638873 0.17273293286561966 0.14434590861201288 3.5783575290814045 
0.16178700127638873 0.2446723893284798 0.14859115406870843 3.5783575290814045 
0.5762183385901153 0.17273293286561966 0.14859115406870843 3.5783575290814045 
0.5762183385901153 0.2446723893284798 0.14434590861201288 3.5783575290814045 
0.5762183385901153 0.2446723893284798 0.14859115406870843 0.6901856463402509 
0.5762183385901153 0.2446723893284798 0.14859115406870843 3.5783575290814045 
0.34173899097368116 0.4537335768342018 0.32378568947315217 6.301866866461933 
0.41145438179373733 0.4537335768342018 0.32378568947315217 6.301866866461933 
0.34173899097368116 0.1474016223102808 0.32378568947315217 6.301866866461933 
0.34173899097368116 0.4537335768342018 0.3856268063187599 6.301866866461933 
0.34173899097368116 0.4537335768342018 0.32378568947315217 6.216560760233551 
0.34173899097368116 0.1474016223102808 0.3856268063187599 6.216560760233551 
0.41145438179373733 0.4537335768342018 0.3856268063187599 6.216560760233551 
0.41145438179373733 0.1474016223102808 0.32378568947315217 6.216560760233551 
0.41145438179373733 0.1474016223102808 0.3856268063187599 6.301866866461933 
0.41145438179373733 0.1474016223102808 0.3856268063187599 6.216560760233551 
0.6612023580819368 0.26015922874212266 0.27536606453359125 3.1141395567916335 
0.3355932651553302 0.26015922874212266 0.27536606453359125 3.1141395567916335 
0.6612023580819368 0.407221306860447 0.27536606453359125 3.1141395567916335 
0.6612023580819368 0.26015922874212266 0.23599573336541654 3.1141395567916335 
0.6612023580819368 0.26015922874212266 0.27536606453359125 1.3228094722144308 
0.6612023580819368 0.407221306860447 0.23599573336541654 1.3228094722144308 
0.3355932651553302 0.26015922874212266 0.23599573336541654 1.3228094722144308 
0.3355932651553302 0.407221306860447 0.27536606453359125 1.3228094722144308 
0.3355932651553302 0.407221306860447 0.23599573336541654 3.1141395567916335 
0.3355932651553302 0.407221306860447 0.23599573336541654 1.3228094722144308 
0.6009698133450001 0.4125822462141514 0.15929537676274777 2.6556993848644197 
0.23341113049536943 0.4125822462141514 0.15929537676274777 2.6556993848644197 
0.6009698133450001 0.3540896095335484 0.15929537676274777 2.6556993848644197 
0.6009698133450001 0.4125822462141514 0.34543960057199 2.6556993848644197 
0.6009698133450001 0.4125822462141514 0.15929537676274777 5.484155864175409 
0.6009698133450001 0.3540896095335484 0.34543960057199 5.484155864175409 
0.23341113049536943 0.4125822462141514 0.34543960057199 5.484155864175409 
0.23341113049536943 0.3540896095335484 0.15929537676274777 5.484155864175409 
0.23341113049536943 0.3540896095335484 0.34543960057199 2.6556993848644197 
0.23341113049536943 0.3540896095335484 0.34543960057199 5.484155864175409 
0.2801133610773831 0.22020685151219369 0.44208988249301917 5.897964658401906 
0.5124063142109662 0.22020685151219369 0.44208988249301917 5.897964658401906 
0.2801133610773831 0.2880333211272955 0.44208988249301917 5.897964658401906 
0.2801133610773831 0.22020685151219369 0.2950210586190224 5.897964658401906 
0.2801133610773831 0.22020685151219369 0.44208988249301917 0.32766113998368385 
0.2801133610773831 0.2880333211272955 0.2950210586190224 0.32766113998368385 
0.5124063142109662 0.22020685151219369 0.2950210586190224 0.32766113998368385 
0.5124063142109662 0.2880333211272955 0.44208988249301917 0.32766113998368385 
0.5124063142109662 0.2880333211272955 0.2950210586190224 5.897964658401906 
0.5124063142109662 0.2880333211272955 0.2950210586190224 0.32766113998368385 
0.06080644624307752 0.3000096566975117 0.21509208008646966 1.0939295146614314 
0.6783515408169478 0.3000096566975117 0.21509208008646966 1.0939295146614314 
0.06080644624307752 0.1915418364107609 0.21509208008646966 1.0939295146614314 
0.06080644624307752 0.3000096566975117 0.43283968493342406 1.0939295146614314 
0.06080644624307752 0.3000096566975117 0.21509208008646966 2.999348611943424 
0.06080644624307752 0.1915418364107609 0.43283968493342406 2.999348611943424 
0.6783515408169478 0.3000096566975117 0.43283968493342406 2.999348611943424 
0.6783515408169478 0.1915418364107609 0.21509208008646966 2.999348611943424 
0.6783515408169478 0.1915418364107609 0.43283968493342406 1.0939295146614314 
0.6783515408169478 0.1915418364107609 0.43283968493342406 2.999348611943424 
0.39054961968213314 0.10763159766793251 0.3854147497564554 4.767656143475324 
0.07373329186812043 0.10763159766793251 0.3854147497564554 4.767656143475324 
0.39054961968213314 0.4505820598453284 0.3854147497564554 4.767656143475324 
0.39054961968213314 0.10763159766793251 0.18242737837135792 4.767656143475324 
0.39054961968213314 0.10763159766793251 0.3854147497564554 4.523807515576482 
0.39054961968213314 0.4505820598453284 0.18242737837135792 4.523807515576482 
0.07373329186812043 0.10763159766793251 0.18242737837135792 4.523807515576482 
0.07373329186812043 0.4505820598453284 0.3854147497564554 4.523807515576482 
0.07373329186812043 0.4505820598453284 0.18242737837135792 4.767656143475324 
0.07373329186812043 0.4505820598453284 0.18242737837135792 4.523807515576482 
0.4104556769598275 0.32176053039729596 0.133566090464592 3.165226774662733 
0.4432324327528476 0.32176053039729596 0.133566090464592 3.165226774662733 
0.4104556769598275 0.2769738432019949 0.133566090464592 3.165226774662733 
0.4104556769598275 0.32176053039729596 0.26441863887012007 3.165226774662733 
0.4104556769598275 0.32176053039729596 0.133566090464592 2.8516084912233057 
0.4104556769598275 0.2769738432019949 0.26441863887012007 2.8516084912233057 
0.4432324327528476 0.32176053039729596 0.26441863887012007 2.8516084912233057 
0.4432324327528476 0.2769738432019949 0.133566090464592 2.8516084912233057 
0.4432324327528476 0.2769738432019949 0.26441863887012007 3.165226774662733 
0.4432324327528476 0.2769738432019949 0.26441863887012007 2.8516084912233057 
0.08975748750381171 0.1141538541764021 0.4663666274398566 6.796639318857342 
0.3064270748291164 0.1141538541764021 0.4663666274398566 6.796639318857342 
0.08975748750381171 0.3680301494896412 0.4663666274398566 6.796639318857342 
0.08975748750381171 0.1141538541764021 0.3140551418066025 6.796639318857342 
0.08975748750381171 0.1141538541764021 0.4663666274398566 4.672600505594164 
0.08975748750381171 0.3680301494896412 0.3140551418066025 4.672600505594164 
0.3064270748291164 0.1141538541764021 0.3140551418066025 4.672600505594164 
0.3064270748291164 0.3680301494896412 0.4663666274398566 4.672600505594164 
0.3064270748291164 0.3680301494896412 0.3140551418066025 6.796639318857342 
0.3064270748291164 0.3680301494896412 0.3140551418066025 4.672600505594164 
0.256378854252398 0.4091908078640699 0.2892649654299021 0.41088644741103053 
0.14547847001813352 0.4091908078640699 0.2892649654299021 0.41088644741103053 
0.256378854252398 0.46452237926423556 0.2892649654299021 0.41088644741103053 
0.256378854252398 0.4091908078640699 0.15182493403553965 0.41088644741103053 
0.256378854252398 0.4091908078640699 0.2892649654299021 5.551881979592144 
0.256378854252398 0.46452237926423556 0.15182493403553965 5.551881979592144 
0.14547847001813352 0.4091908078640699 0.15182493403553965 5.551881979592144 
0.14547847001813352 0.46452237926423556 0.2892649654299021 5.551881979592144 
0.14547847001813352 0.46452237926423556 0.15182493403553965 0.41088644741103053 
0.14547847001813352 0.46452237926423556 0.15182493403553965 5.551881979592144 
0.5859637600369751 0.20157535187900066 0.30959381982684137 3.6112603211775425 
0.6079118522815407 0.20157535187900066 0.30959381982684137 3.6112603211775425 
0.5859637600369751 0.18048217371106148 0.30959381982684137 3.6112603211775425 
0.5859637600369751 0.20157535187900066 0.4014552507549525 3.6112603211775425 
0.5859637600369751 0.20157535187900066 0.30959381982684137 0.26056672558188443 
0.5859637600369751 0.18048217371106148 0.4014552507549525 0.26056672558188443 
0.6079118522815407 0.20157535187900066 0.4014552507549525 0.26056672558188443 
0.6079118522815407 0.18048217371106148 0.30959381982684137 0.26056672558188443 
0.6079118522815407 0.18048217371106148 0.4014552507549525 3.6112603211775425 
0.6079118522815407 0.18048217371106148 0.4014552507549525 0.26056672558188443 
0.6881102668587118 0.47431102581322193 0.43112078830599787 4.931358310766518 
0.6288833498489111 0.47431102581322193 0.43112078830599787 4.931358310766518 
0.6881102668587118 0.23361268490552903 0.43112078830599787 4.931358310766518 
0.6881102668587118 0.47431102581322193 0.11710942126810552 4.931358310766518 
0.6881102668587118 0.47431102581322193 0.43112078830599787 6.552926693484187 
0.6881102668587118 0.23361268490552903 0.11710942126810552 6.552926693484187 
0.6288833498489111 0.47431102581322193 0.11710942126810552 6.552926693484187 
0.6288833498489111 0.23361268490552903 0.43112078830599787 6.552926693484187 
0.6288833498489111 0.23361268490552903 0.11710942126810552 4.931358310766518 
0.6288833498489111 0.23361268490552903 0.11710942126810552 6.552926693484187 
0.3573802360799163 0.2678518105298281 0.17016681469976902 1.6781310434453192 
0.12581590050831437 0.2678518105298281 0.17016681469976902 1.6781310434453192 
0.3573802360799163 0.32389186657965185 0.17016681469976902 1.6781310434453192 
0.3573802360799163 0.2678518105298281 0.4675271935760975 1.6781310434453192 
0.3573802360799163 0.2678518105298281 0.17016681469976902 0.9853906696662307 
0.3573802360799163 0.32389186657965185 0.4675271935760975 0.9853906696662307 
0.12581590050831437 0.2678518105298281 0.4675271935760975 0.9853906696662307 
0.12581590050831437 0.32389186657965185 0.17016681469976902 0.9853906696662307 
0.12581590050831437 0.32389186657965185 0.4675271935760975 1.6781310434453192 
0.12581590050831437 0.32389186657965185 0.4675271935760975 0.9853906696662307 
0.15140285454690455 0.36174285300076015 0.3995151426643133 5.5295530625619 
0.2854251639917493 0.36174285300076015 0.3995151426643133 5.5295530625619 
0.15140285454690455 0.4211618050932885 0.3995151426643133 5.5295530625619 
0.15140285454690455 0.36174285300076015 0.20451402366161348 5.5295530625619 
0.15140285454690455 0.36174285300076015 0.3995151426643133 1.912054063845426 
0.15140285454690455 0.4211618050932885 0.20451402366161348 1.912054063845426 
0.2854251639917493 0.36174285300076015 0.20451402366161348 1.912054063845426 
0.2854251639917493 0.4211618050932885 0.3995151426643133 1.912054063845426 
0.2854251639917493 0.4211618050932885 0.20451402366161348 5.5295530625619 
0.2854251639917493 0.4211618050932885 0.20451402366161348 1.912054063845426 
0.4707071113400161 0.15527485795319082 0.20108934342861176 1.8448659822344782 
0.4628461473155766 0.15527485795319082 0.20108934342861176 1.8448659822344782 
0.4707071113400161 0.13634218610823157 0.20108934342861176 1.8448659822344782 
0.4707071113400161 0.15527485795319082 0.35492556206882 1.8448659822344782 
0.4707071113400161 0.15527485795319082 0.20108934342861176 3.887970845308155 
0.4707071113400161 0.13634218610823157 0.35492556206882 3.887970845308155 
0.4628461473155766 0.15527485795319082 0.35492556206882 3.887970845308155 
0.4628461473155766 0.13634218610823157 0.20108934342861176 3.887970845308155 
0.4628461473155766 0.13634218610823157 0.35492556206882 1.8448659822344782 
0.4628461473155766 0.13634218610823157 0.35492556206882 3.887970845308155 
0.5240978792309761 0.4442985828965903 0.35186756812036035 1.2792794167995454 
0.36226001377217465 0.4442985828965903 0.35186756812036035 1.2792794167995454 
0.5240978792309761 0.16588090658187865 0.35186756812036035 1.2792794167995454 
0.5240978792309761 0.4442985828965903 0.1343083892017603 1.2792794167995454 
0.5240978792309761 0.4442985828965903 0.35186756812036035 6.636019140761346 
0.5240978792309761 0.16588090658187865 0.1343083892017603 6.636019140761346 
0.36226001377217465 0.4442985828965903 0.1343083892017603 6.636019140761346 
0.36226001377217465 0.16588090658187865 0.35186756812036035 6.636019140761346 
0.36226001377217465 0.16588090658187865 0.1343083892017603 1.2792794167995454 
0.36226001377217465 0.16588090658187865 0.1343083892017603 6.636019140761346 
0.19447837835177778 0.2386362161487341 0.24718662500381472 4.4678605400957165 
0.3873267077840864 0.2386362161487341 0.24718662500381472 4.4678605400957165 
0.19447837835177778 0.4763703871518373 0.24718662500381472 4.4678605400957165 
0.19447837835177778 0.2386362161487341 0.4815522380173206 4.4678605400957165 
0.19447837835177778 0.2386362161487341 0.24718662500381472 1.7658509888686242 
0.19447837835177778 0.4763703871518373 0.4815522380173206 1.7658509888686242 
0.3873267077840864 0.2386362161487341 0.4815522380173206 1.7658509888686242 
0.3873267077840864 0.4763703871518373 0.24718662500381472 1.7658509888686242 
0.3873267077840864 0.4763703871518373 0.4815522380173206 4.4678605400957165 
0.3873267077840864 0.4763703871518373 0.4815522380173206 1.7658509888686242 
0.3090477204415947 0.33176912330091 0.4209694050252438 2.308619011472911 
0.5520838337019086 0.33176912330091 0.4209694050252438 2.308619011472911 
0.3090477204415947 0.3783314168453217 0.4209694050252438 2.308619011472911 
0.3090477204415947 0.33176912330091 0.24671442210674288 2.308619011472911 
0.3090477204415947 0.33176912330091 0.4209694050252438 2.638387601263821 
0.3090477204415947 0.3783314168453217 0.24671442210674288 2.638387601263821 
0.5520838337019086 0.33176912330091 0.24671442210674288 2.638387601263821 
0.5520838337019086 0.3783314168453217 0.4209694050252438 2.638387601263821 
0.5520838337019086 0.3783314168453217 0.24671442210674288 2.308619011472911 
0.5520838337019086 0.3783314168453217 0.24671442210674288 2.638387601263821 
0.629780509835109 0.12611553631722927 0.17876790501177311 5.92824032176286 
0.20138927032239734 0.12611553631722927 0.17876790501177311 5.92824032176286 
0.629780509835109 0.2639204610139132 0.17876790501177311 5.92824032176286 
0.629780509835109 0.12611553631722927 0.39395222775638106 5.92824032176286 
0.629780509835109 0.12611553631722927 0.17876790501177311 4.024769111722708 
0.629780509835109 0.2639204610139132 0.39395222775638106 4.024769111722708 
0.20138927032239734 0.12611553631722927 0.39395222775638106 4.024769111722708 
0.20138927032239734 0.2639204610139132 0.17876790501177311 4.024769111722708 
0.20138927032239734 0.2639204610139132 0.39395222775638106 5.92824032176286 
0.20138927032239734 0.2639204610139132 0.39395222775638106 4.024769111722708 
0.5682790985330939 0.3972397241741419 0.2619161818176508 6.386154065467418 
0.05977239385247231 0.3972397241741419 0.2619161818176508 6.386154065467418 
0.5682790985330939 0.12330063097178937 0.2619161818176508 6.386154065467418 
0.5682790985330939 0.3972397241741419 0.28474413268268106 6.386154065467418 
0.5682790985330939 0.3972397241741419 0.2619161818176508 3.4154371064156295 
0.5682790985330939 0.12330063097178937 0.28474413268268106 3.4154371064156295 
0.05977239385247231 0.3972397241741419 0.28474413268268106 3.4154371064156295 
0.05977239385247231 0.12330063097178937 0.2619161818176508 3.4154371064156295 
0.05977239385247231 0.12330063097178937 0.28474413268268106 6.386154065467418 
0.05977239385247231 0.12330063097178937 0.28474413268268106 3.4154371064156295 
0.2486920588649809 0.19194356836378576 0.33849289640784264 2.713258219044656 
0.6948514892254024 0.19194356836378576 0.33849289640784264 2.713258219044656 
0.2486920588649809 0.43145124837756155 0.33849289640784264 2.713258219044656 
0.2486920588649809 0.19194356836378576 0.3374567121267319 2.713258219044656 
0.2486920588649809 0.19194356836378576 0.33849289640784264 4.970219123922289 
0.2486920588649809 0.43145124837756155 0.3374567121267319 4.970219123922289 
0.6948514892254024 0.19194356836378576 0.3374567121267319 4.970219123922289 
0.6948514892254024 0.43145124837756155 0.33849289640784264 4.970219123922289 
0.6948514892254024 0.43145124837756155 0.3374567121267319 2.713258219044656 
0.6948514892254024 0.43145124837756155 0.3374567121267319 4.970219123922289 
0.0922276419121772 0.48471176661550996 0.11871345043182374 4.062958529684693 
0.5288944968488067 0.48471176661550996 0.11871345043182374 4.062958529684693 
0.0922276419121772 0.3357524644583464 0.11871345043182374 4.062958529684693 
0.0922276419121772 0.48471176661550996 0.1971488066017628 4.062958529684693 
0.0922276419121772 0.48471176661550996 0.11871345043182374 5.9036142189987 
0.0922276419121772 0.3357524644583464 0.1971488066017628 5.9036142189987 
0.5288944968488067 0.48471176661550996 0.1971488066017628 5.9036142189987 
0.5288944968488067 0.3357524644583464 0.11871345043182374 5.9036142189987 
0.5288944968488067 0.3357524644583464 0.1971488066017628 4.062958529684693 
0.5288944968488067 0.3357524644583464 0.1971488066017628 5.9036142189987 
0.42324046040885144 0.2794243905693293 0.48276956044137476 0.8215240128338337 
0.21946202246472235 0.2794243905693293 0.48276956044137476 0.8215240128338337 
0.42324046040885144 0.21899883076548576 0.48276956044137476 0.8215240128338337 
0.42324046040885144 0.2794243905693293 0.44985539056360724 0.8215240128338337 
0.42324046040885144 0.2794243905693293 0.48276956044137476 0.7707026823423803 
0.42324046040885144 0.21899883076548576 0.44985539056360724 0.7707026823423803 
0.21946202246472235 0.2794243905693293 0.44985539056360724 0.7707026823423803 
0.21946202246472235 0.21899883076548576 0.48276956044137476 0.7707026823423803 
0.21946202246472235 0.21899883076548576 0.44985539056360724 0.8215240128338337 
0.21946202246472235 0.21899883076548576 0.44985539056360724 0.7707026823423803 
0.4329832001123577 0.3857609614729881 0.3128246709704399 2.0217782912775877 
0.6589741047937423 0.3857609614729881 0.3128246709704399 2.0217782912775877 
0.4329832001123577 0.2704788360744715 0.3128246709704399 2.0217782912775877 
0.4329832001123577 0.3857609614729881 0.1623062737286091 2.0217782912775877 
0.4329832001123577 0.3857609614729881 0.3128246709704399 1.6485000104643406 
0.4329832001123577 0.2704788360744715 0.1623062737286091 1.6485000104643406 
0.6589741047937423 0.3857609614729881 0.1623062737286091 1.6485000104643406 
0.6589741047937423 0.2704788360744715 0.3128246709704399 1.6485000104643406 
0.6589741047937423 0.2704788360744715 0.1623062737286091 2.0217782912775877 
0.6589741047937423 0.2704788360744715 0.1623062737286091 1.6485000104643406 
0.10213403454981744 0.17813019901514054 0.28627787344157696 5.666023294534535 
0.09560640063136816 0.17813019901514054 0.28627787344157696 5.666023294534535 
0.10213403454981744 0.3872202649712563 0.28627787344157696 5.666023294534535 
0.10213403454981744 0.17813019901514054 0.4095996949821711 5.666023294534535 
0.10213403454981744 0.17813019901514054 0.28627787344157696 6.751027616392821 
0.10213403454981744 0.3872202649712563 0.4095996949821711 6.751027616392821 
0.09560640063136816 0.17813019901514054 0.4095996949821711 6.751027616392821 
0.09560640063136816 0.3872202649712563 0.28627787344157696 6.751027616392821 
0.09560640063136816 0.3872202649712563 0.4095996949821711 5.666023294534535 
0.09560640063136816 0.3872202649712563 0.4095996949821711 6.751027616392821 
0.23893195018172264 0.49833983927965164 0.45693002529442317 1.7573390197940173 
0.2545781065709889 0.49833983927965164 0.45693002529442317 1.7573390197940173 
0.23893195018172264 0.48293144442141056 0.45693002529442317 1.7573390197940173 
0.23893195018172264 0.49833983927965164 0.27490778677165506 1.7573390197940173 
0.23893195018172264 0.49833983927965164 0.45693002529442317 4.11948676109314 
0.23893195018172264 0.48293144442141056 0.27490778677165506 4.11948676109314 
0.2545781065709889 0.49833983927965164 0.27490778677165506 4.11948676109314 
0.2545781065709889 0.48293144442141056 0.45693002529442317 4.11948676109314 
0.2545781065709889 0.48293144442141056 0.27490778677165506 1.7573390197940173 
0.2545781065709889 0.48293144442141056 0.27490778677165506 4.11948676109314 
0.558355341758579 0.2906995460391045 0.14285658970475199 4.970122667774558 
0.49357383507303887 0.2906995460391045 0.14285658970475199 4.970122667774558 
0.558355341758579 0.17476862221956252 0.14285658970475199 4.970122667774558 
0.558355341758579 0.2906995460391045 0.3221952110528946 4.970122667774558 
0.558355341758579 0.2906995460391045 0.14285658970475199 2.5409587437286976 
0.558355341758579 0.17476862221956252 0.3221952110528946 2.5409587437286976 
0.49357383507303887 0.2906995460391045 0.3221952110528946 2.5409587437286976 
0.49357383507303887 0.17476862221956252 0.14285658970475199 2.5409587437286976 
0.49357383507303887 0.17476862221956252 0.3221952110528946 4.970122667774558 
0.49357383507303887 0.17476862221956252 0.3221952110528946 2.5409587437286976 
0.6198789988178759 0.4320385910570622 0.2228794611990452 3.703878285363317 
0.4332958011887967 0.4320385910570622 0.2228794611990452 3.703878285363317 
0.6198789988178759 0.21540065780282022 0.2228794611990452 3.703878285363317 
0.6198789988178759 0.4320385910570622 0.20650134384632113 3.703878285363317 
0.6198789988178759 0.4320385910570622 0.2228794611990452 4.845077933184802 
0.6198789988178759 0.21540065780282022 0.20650134384632113 4.845077933184802 
0.4332958011887967 0.4320385910570622 0.20650134384632113 4.845077933184802 
0.4332958011887967 0.21540065780282022 0.2228794611990452 4.845077933184802 
0.4332958011887967 0.21540065780282022 0.20650134384632113 3.703878285363317 
0.4332958011887967 0.21540065780282022 0.20650134384632113 4.845077933184802 
0.29929994414560496 0.22560411766171456 0.3775781590491534 0.43613553093746305 
0.31616569808684286 0.22560411766171456 0.3775781590491534 0.43613553093746305 
0.29929994414560496 0.329799410328269 0.3775781590491534 0.43613553093746305 
0.29929994414560496 0.22560411766171456 0.3592635344713927 0.43613553093746305 
0.29929994414560496 0.22560411766171456 0.3775781590491534 3.542868157103658 
0.29929994414560496 0.329799410328269 0.3592635344713927 3.542868157103658 
0.31616569808684286 0.22560411766171456 0.3592635344713927 3.542868157103658 
0.31616569808684286 0.329799410328269 0.3775781590491534 3.542868157103658 
0.31616569808684286 0.329799410328269 0.3592635344713927 0.43613553093746305 
0.31616569808684286 0.329799410328269 0.3592635344713927 3.542868157103658 
0.20439725350588556 0.3446159191429615 0.15468010418117048 6.986963158007711 
0.15585402124561368 0.3446159191429615 0.15468010418117048 6.986963158007711 
0.20439725350588556 0.42785039320588114 0.15468010418117048 6.986963158007711 
0.20439725350588556 0.3446159191429615 0.11910116411745549 6.986963158007711 
0.20439725350588556 0.3446159191429615 0.15468010418117048 0.8647946841083467 
0.20439725350588556 0.42785039320588114 0.11910116411745549 0.8647946841083467 
0.15585402124561368 0.3446159191429615 0.11910116411745549 0.8647946841083467 
0.15585402124561368 0.42785039320588114 0.15468010418117048 0.8647946841083467 
0.15585402124561368 0.42785039320588114 0.11910116411745549 6.986963158007711 
0.15585402124561368 0.42785039320588114 0.11910116411745549 0.8647946841083467 
0.5338630245067179 0.13817191496491432 0.44685202091932297 3.288180190883577 
0.5973376583307981 0.13817191496491432 0.44685202091932297 3.288180190883577 
0.5338630245067179 0.11734870932996273 0.44685202091932297 3.288180190883577 
0.5338630245067179 0.13817191496491432 0.4718573100864888 3.288180190883577 
0.5338630245067179 0.13817191496491432 0.44685202091932297 5.8122860682196915 
0.5338630245067179 0.11734870932996273 0.4718573100864888 5.8122860682196915 
0.5973376583307981 0.13817191496491432 0.4718573100864888 5.8122860682196915 
0.5973376583307981 0.11734870932996273 0.44685202091932297 5.8122860682196915 
0.5973376583307981 0.11734870932996273 0.4718573100864888 3.288180190883577 
0.5973376583307981 0.11734870932996273 0.4718573100864888 5.8122860682196915 
0.4602997617796063 0.4614733815193176 0.19452965669333935 0.8872548868879676 
0.09050012519583106 0.4614733815193176 0.19452965669333935 0.8872548868879676 
0.4602997617796063 0.18506950959563256 0.19452965669333935 0.8872548868879676 
0.4602997617796063 0.4614733815193176 0.2424746781587601 0.8872548868879676 
0.4602997617796063 0.4614733815193176 0.19452965669333935 4.7658134133555 
0.4602997617796063 0.18506950959563256 0.2424746781587601 4.7658134133555 
0.09050012519583106 0.4614733815193176 0.2424746781587601 4.7658134133555 
0.09050012519583106 0.18506950959563256 0.19452965669333935 4.7658134133555 
0.09050012519583106 0.18506950959563256 0.2424746781587601 0.8872548868879676 
0.09050012519583106 0.18506950959563256 0.2424746781587601 4.7658134133555 
0.14083185689523814 0.25578627288341527 0.40545217543840406 4.115200451668351 
0.6640044753905385 0.25578627288341527 0.40545217543840406 4.115200451668351 
0.14083185689523814 0.46987691931426523 0.40545217543840406 4.115200451668351 
0.14083185689523814 0.25578627288341527 0.3920631360262633 4.115200451668351 
0.14083185689523814 0.25578627288341527 0.40545217543840406 2.7594222213141624 
0.14083185689523814 0.46987691931426523 0.3920631360262633 2.7594222213141624 
0.6640044753905385 0.25578627288341527 0.3920631360262633 2.7594222213141624 
0.6640044753905385 0.46987691931426523 0.40545217543840406 2.7594222213141624 
0.6640044753905385 0.46987691931426523 0.3920631360262633 4.115200451668351 
0.6640044753905385 0.46987691931426523 0.3920631360262633 2.7594222213141624 
0.3677652575541287 0.37399368584156034 0.22523133233189585 2.8766949166543783 
0.49868503087200217 0.37399368584156034 0.22523133233189585 2.8766949166543783 
0.3677652575541287 0.37261938080191614 0.22523133233189585 2.8766949166543783 
0.3677652575541287 0.37399368584156034 0.13007611967623234 2.8766949166543783 
0.3677652575541287 0.37399368584156034 0.22523133233189585 0.134599906206131 
0.3677652575541287 0.37261938080191614 0.13007611967623234 0.134599906206131 
0.49868503087200217 0.37399368584156034 0.13007611967623234 0.134599906206131 
0.49868503087200217 0.37261938080191614 0.22523133233189585 0.134599906206131 
0.49868503087200217 0.37261938080191614 0.13007611967623234 2.8766949166543783 
0.49868503087200217 0.37261938080191614 0.13007611967623234 0.134599906206131 
0.6986589412670582 0.16831610798835756 0.37367599494755266 6.536100268736481 
0.2495528113096952 0.16831610798835756 0.37367599494755266 6.536100268736481 
0.6986589412670582 0.28232798986136914 0.37367599494755266 6.536100268736481 
0.6986589412670582 0.16831610798835756 0.479658342152834 6.536100268736481 
0.6986589412670582 0.16831610798835756 0.37367599494755266 5.678506731428206 
0.6986589412670582 0.28232798986136914 0.479658342152834 5.678506731428206 
0.2495528113096952 0.16831610798835756 0.479658342152834 5.678506731428206 
0.2495528113096952 0.28232798986136914 0.37367599494755266 5.678506731428206 
0.2495528113096952 0.28232798986136914 0.479658342152834 6.536100268736481 
0.2495528113096952 0.28232798986136914 0.479658342152834 5.678506731428206 
0.596529721096158 0.308141615241766 0.4920783687382937 6.132040132209658 
0.35168578592129046 0.308141615241766 0.4920783687382937 6.132040132209658 
0.596529721096158 0.12920968718826772 0.4920783687382937 6.132040132209658 
0.596529721096158 0.308141615241766 0.1889061339199543 6.132040132209658 
0.596529721096158 0.308141615241766 0.4920783687382937 1.0809224320575597 
0.596529721096158 0.12920968718826772 0.1889061339199543 1.0809224320575597 
0.35168578592129046 0.308141615241766 0.1889061339199543 1.0809224320575597 
0.35168578592129046 0.12920968718826772 0.4920783687382937 1.0809224320575597 
0.35168578592129046 0.12920968718826772 0.1889061339199543 6.132040132209658 
0.35168578592129046 0.12920968718826772 0.1889061339199543 1.0809224320575597 
0.2667910854332149 0.10286954566836358 0.10925853922963143 2.418096816260368 
0.3977022251114249 0.10286954566836358 0.10925853922963143 2.418096816260368 
0.2667910854332149 0.4132376819849014 0.10925853922963143 2.418096816260368 
0.2667910854332149 0.10286954566836358 0.439275822415948 2.418096816260368 
0.2667910854332149 0.10286954566836358 0.10925853922963143 6.456315650418401 
0.2667910854332149 0.4132376819849014 0.439275822415948 6.456315650418401 
0.3977022251114249 0.10286954566836358 0.439275822415948 6.456315650418401 
0.3977022251114249 0.4132376819849014 0.10925853922963143 6.456315650418401 
0.3977022251114249 0.4132376819849014 0.439275822415948 2.418096816260368 
0.3977022251114249 0.4132376819849014 0.439275822415948 6.456315650418401 
0.07921384968794883 0.4206604175269604 0.3354752853512764 4.57395606925711 
0.5618224133737385 0.4206604175269604 0.3354752853512764 4.57395606925711 
0.07921384968794883 0.31675747223198414 0.3354752853512764 4.57395606925711 
0.07921384968794883 0.4206604175269604 0.27650621645152573 4.57395606925711 
0.07921384968794883 0.4206604175269604 0.3354752853512764 3.7714841551147402 
0.07921384968794883 0.31675747223198414 0.27650621645152573 3.7714841551147402 
0.5618224133737385 0.4206604175269604 0.27650621645152573 3.7714841551147402 
0.5618224133737385 0.31675747223198414 0.3354752853512764 3.7714841551147402 
0.5618224133737385 0.31675747223198414 0.27650621645152573 4.57395606925711 
0.5618224133737385 0.31675747223198414 0.27650621645152573 3.7714841551147402 
0.400065773865208 0.21539787873625757 0.26517755202949045 1.2910513980314138 
0.19145259517244995 0.21539787873625757 0.26517755202949045 1.2910513980314138 
0.400065773865208 0.22568895518779755 0.26517755202949045 1.2910513980314138 
0.400065773865208 0.21539787873625757 0.32686971724033353 1.2910513980314138 
0.400065773865208 0.21539787873625757 0.26517755202949045 2.027935464400798 
0.400065773865208 0.22568895518779755 0.32686971724033353 2.027935464400798 
0.19145259517244995 0.21539787873625757 0.32686971724033353 2.027935464400798 
0.19145259517244995 0.22568895518779755 0.26517755202949045 2.027935464400798 
0.19145259517244995 0.22568895518779755 0.32686971724033353 1.2910513980314138 
0.19145259517244995 0.22568895518779755 0.32686971724033353 2.027935464400798 
0.3806159543804824 0.40130413733422754 0.41625740602612493 6.586095186602324 
0.46690725111402565 0.40130413733422754 0.41625740602612493 6.586095186602324 
0.3806159543804824 0.402226859331131 0.41625740602612493 6.586095186602324 
0.3806159543804824 0.40130413733422754 0.4199763052165508 6.586095186602324 
0.3806159543804824 0.40130413733422754 0.41625740602612493 3.7033983694389465 
0.3806159543804824 0.402226859331131 0.4199763052165508 3.7033983694389465 
0.46690725111402565 0.40130413733422754 0.4199763052165508 3.7033983694389465 
0.46690725111402565 0.402226859331131 0.41625740602612493 3.7033983694389465 
0.46690725111402565 0.402226859331131 0.4199763052165508 6.586095186602324 
0.46690725111402565 0.402226859331131 0.4199763052165508 3.7033983694389465 
0.05103642903268338 0.20658192895352842 0.1834314573556185 3.37245443481952 
0.2787056352943182 0.20658192895352842 0.1834314573556185 3.37245443481952 
0.05103642903268338 0.14319884665310384 0.1834314573556185 3.37245443481952 
0.05103642903268338 0.20658192895352842 0.1703886050730944 3.37245443481952 
0.05103642903268338 0.20658192895352842 0.1834314573556185 2.094547238200903 
0.05103642903268338 0.14319884665310384 0.1703886050730944 2.094547238200903 
0.2787056352943182 0.20658192895352842 0.1703886050730944 2.094547238200903 
0.2787056352943182 0.14319884665310384 0.1834314573556185 2.094547238200903 
0.2787056352943182 0.14319884665310384 0.1703886050730944 3.37245443481952 
0.2787056352943182 0.14319884665310384 0.1703886050730944 2.094547238200903 
0.29002968161366877 0.3138261761516333 0.35975205712020397 3.8352300181984904 
0.11974074086174369 0.3138261761516333 0.35975205712020397 3.8352300181984904 
0.29002968161366877 0.23967831134796144 0.35975205712020397 3.8352300181984904 
0.29002968161366877 0.3138261761516333 0.30757017694413663 3.8352300181984904 
0.29002968161366877 0.3138261761516333 0.35975205712020397 1.229041552823037 
0.29002968161366877 0.23967831134796144 0.30757017694413663 1.229041552823037 
0.11974074086174369 0.3138261761516333 0.30757017694413663 1.229041552823037 
0.11974074086174369 0.23967831134796144 0.35975205712020397 1.229041552823037 
0.11974074086174369 0.23967831134796144 0.30757017694413663 3.8352300181984904 
0.11974074086174369 0.23967831134796144 0.30757017694413663 1.229041552823037 
0.6107224809471518 0.11910740695893765 0.23944823890924455 0.19012793684378268 
0.6323006947990506 0.11910740695893765 0.23944823890924455 0.19012793684378268 
0.6107224809471518 0.3057468105107546 0.23944823890924455 0.19012793684378268 
0.6107224809471518 0.11910740695893765 0.2579887107014656 0.19012793684378268 
0.6107224809471518 0.11910740695893765 0.23944823890924455 6.307985971216112 
0.6107224809471518 0.3057468105107546 0.2579887107014656 6.307985971216112 
0.6323006947990506 0.11910740695893765 0.2579887107014656 6.307985971216112 
0.6323006947990506 0.3057468105107546 0.23944823890924455 6.307985971216112 
0.6323006947990506 0.3057468105107546 0.2579887107014656 0.19012793684378268 
0.6323006947990506 0.3057468105107546 0.2579887107014656 6.307985971216112 
0.6709774118848144 0.35424527861177924 0.12025295644998552 1.457530461344868 
0.6112983916886151 0.35424527861177924 0.12025295644998552 1.457530461344868 
0.6709774118848144 0.4588662993162871 0.12025295644998552 1.457530461344868 
0.6709774118848144 0.35424527861177924 0.37344680577516554 1.457530461344868 
0.6709774118848144 0.35424527861177924 0.12025295644998552 0.4453362007625401 
0.6709774118848144 0.4588662993162871 0.37344680577516554 0.4453362007625401 
0.6112983916886151 0.35424527861177924 0.37344680577516554 0.4453362007625401 
0.6112983916886151 0.4588662993162871 0.12025295644998552 0.4453362007625401 
0.6112983916886151 0.4588662993162871 0.37344680577516554 1.457530461344868 
0.6112983916886151 0.4588662993162871 0.37344680577516554 0.4453362007625401 
0.3516677746549248 0.15988928116858006 0.4811816077679396 5.155485936254263 
0.13935421812348067 0.15988928116858006 0.4811816077679396 5.155485936254263 
0.3516677746549248 0.1990588240325451 0.4811816077679396 5.155485936254263 
0.3516677746549248 0.15988928116858006 0.22307788692414762 5.155485936254263 
0.3516677746549248 0.15988928116858006 0.4811816077679396 5.3692444487474855 
0.3516677746549248 0.1990588240325451 0.22307788692414762 5.3692444487474855 
0.13935421812348067 0.15988928116858006 0.22307788692414762 5.3692444487474855 
0.13935421812348067 0.1990588240325451 0.4811816077679396 5.3692444487474855 
0.13935421812348067 0.1990588240325451 0.22307788692414762 5.155485936254263 
0.13935421812348067 0.1990588240325451 0.22307788692414762 5.3692444487474855 
0.1520292970817536 0.4667688194662333 0.25105222351849077 2.052040999568999 
0.29967768010683354 0.4667688194662333 0.25105222351849077 2.052040999568999 
0.1520292970817536 0.29631719104945664 0.25105222351849077 2.052040999568999 
0.1520292970817536 0.4667688194662333 0.4610420364886523 2.052040999568999 
0.1520292970817536 0.4667688194662333 0.25105222351849077 4.428989515826106 
0.1520292970817536 0.29631719104945664 0.4610420364886523 4.428989515826106 
0.29967768010683354 0.4667688194662333 0.4610420364886523 4.428989515826106 
0.29967768010683354 0.29631719104945664 0.25105222351849077 4.428989515826106 
0.29967768010683354 0.29631719104945664 0.4610420364886523 2.052040999568999 
0.29967768010683354 0.29631719104945664 0.4610420364886523 4.428989515826106 
0.48276471798308185 0.2724162612110377 0.3495029576122761 5.318956287484616 
0.44724476393312207 0.2724162612110377 0.3495029576122761 5.318956287484616 
0.48276471798308185 0.36160851642489433 0.3495029576122761 5.318956287484616 
0.48276471798308185 0.2724162612110377 0.11067930385470391 5.318956287484616 
0.48276471798308185 0.2724162612110377 0.3495029576122761 3.0964566772803668 
0.48276471798308185 0.36160851642489433 0.11067930385470391 3.0964566772803668 
0.44724476393312207 0.2724162612110377 0.11067930385470391 3.0964566772803668 
0.44724476393312207 0.36160851642489433 0.3495029576122761 3.0964566772803668 
0.44724476393312207 0.36160851642489433 0.11067930385470391 5.318956287484616 
0.44724476393312207 0.36160851642489433 0.11067930385470391 3.0964566772803668 
0.5107634201180189 0.32715731970965867 0.2971500772982836 4.705306825321167 
0.2228794013150036 0.32715731970965867 0.2971500772982836 4.705306825321167 
0.5107634201180189 0.34066353403031824 0.2971500772982836 4.705306825321167 
0.5107634201180189 0.32715731970965867 0.3750466659665108 4.705306825321167 
0.5107634201180189 0.32715731970965867 0.2971500772982836 0.5810106920078397 
0.5107634201180189 0.34066353403031824 0.3750466659665108 0.5810106920078397 
0.2228794013150036 0.32715731970965867 0.3750466659665108 0.5810106920078397 
0.2228794013150036 0.34066353403031824 0.2971500772982836 0.5810106920078397 
0.2228794013150036 0.34066353403031824 0.3750466659665108 4.705306825321167 
0.2228794013150036 0.34066353403031824 0.3750466659665108 0.5810106920078397 
0.19002587017603217 0.13361048512160778 0.30185481086373334 1.0450443694368006 
0.5228193711023778 0.13361048512160778 0.30185481086373334 1.0450443694368006 
0.19002587017603217 0.20126484706997871 0.30185481086373334 1.0450443694368006 
0.19002587017603217 0.13361048512160778 0.22775401435792447 1.0450443694368006 
0.19002587017603217 0.13361048512160778 0.30185481086373334 6.09459604844451 
0.19002587017603217 0.20126484706997871 0.22775401435792447 6.09459604844451 
0.5228193711023778 0.13361048512160778 0.22775401435792447 6.09459604844451 
0.5228193711023778 0.20126484706997871 0.30185481086373334 6.09459604844451 
0.5228193711023778 0.20126484706997871 0.22775401435792447 1.0450443694368006 
0.5228193711023778 0.20126484706997871 0.22775401435792447 6.09459604844451 
0.31857113773003215 0.4397314112633467 0.1288530930876732 5.731172726303339 
0.6881320041138679 0.4397314112633467 0.1288530930876732 5.731172726303339 
0.31857113773003215 0.10321303568780422 0.1288530930876732 5.731172726303339 
0.31857113773003215 0.4397314112633467 0.48764046616852286 5.731172726303339 
0.31857113773003215 0.4397314112633467 0.1288530930876732 5.208855778258294 
0.31857113773003215 0.10321303568780422 0.48764046616852286 5.208855778258294 
0.6881320041138679 0.4397314112633467 0.48764046616852286 5.208855778258294 
0.6881320041138679 0.10321303568780422 0.1288530930876732 5.208855778258294 
0.6881320041138679 0.10321303568780422 0.48764046616852286 5.731172726303339 
0.6881320041138679 0.10321303568780422 0.48764046616852286 5.208855778258294 
0.6481954088434576 0.2461811374872923 0.47103117816150186 2.5023700834251943 
0.06383354123681784 0.2461811374872923 0.47103117816150186 2.5023700834251943 
0.6481954088434576 0.4387147851288319 0.47103117816150186 2.5023700834251943 
0.6481954088434576 0.2461811374872923 0.14035381004214287 2.5023700834251943 
0.6481954088434576 0.2461811374872923 0.47103117816150186 3.1788797535933555 
0.6481954088434576 0.4387147851288319 0.14035381004214287 3.1788797535933555 
0.06383354123681784 0.2461811374872923 0.14035381004214287 3.1788797535933555 
0.06383354123681784 0.4387147851288319 0.47103117816150186 3.1788797535933555 
0.06383354123681784 0.4387147851288319 0.14035381004214287 2.5023700834251943 
0.06383354123681784 0.4387147851288319 0.14035381004214287 3.1788797535933555 
0.5473362950142473 0.4797078151255846 0.3886517059057951 2.9069566481746736 
0.20540155791677533 0.4797078151255846 0.3886517059057951 2.9069566481746736 
0.5473362950142473 0.3980846151709557 0.3886517059057951 2.9069566481746736 
0.5473362950142473 0.4797078151255846 0.4309496395289898 2.9069566481746736 
0.5473362950142473 0.4797078151255846 0.3886517059057951 4.214526494313032 
0.5473362950142473 0.3980846151709557 0.4309496395289898 4.214526494313032 
0.20540155791677533 0.4797078151255846 0.4309496395289898 4.214526494313032 
0.20540155791677533 0.3980846151709557 0.3886517059057951 4.214526494313032 
0.20540155791677533 0.3980846151709557 0.4309496395289898 2.9069566481746736 
0.20540155791677533 0.3980846151709557 0.4309496395289898 4.214526494313032 
0.21632823706604537 0.28730844147503376 0.21209888309240343 6.18903382718563 
0.5453343953937292 0.28730844147503376 0.21209888309240343 6.18903382718563 
0.21632823706604537 0.25634320415556433 0.21209888309240343 6.18903382718563 
0.21632823706604537 0.28730844147503376 0.17818820662796497 6.18903382718563 
0.21632823706604537 0.28730844147503376 0.21209888309240343 2.4473930223844946 
0.21632823706604537 0.25634320415556433 0.17818820662796497 2.4473930223844946 
0.5453343953937292 0.28730844147503376 0.17818820662796497 2.4473930223844946 
0.5453343953937292 0.25634320415556433 0.21209888309240343 2.4473930223844946 
0.5453343953937292 0.25634320415556433 0.17818820662796497 6.18903382718563 
0.5453343953937292 0.25634320415556433 0.17818820662796497 2.4473930223844946 
0.12967680459842085 0.3922834564000368 0.4326593853533268 0.5874468939378857 
0.38120242198929183 0.3922834564000368 0.4326593853533268 0.5874468939378857 
0.12967680459842085 0.1606327697634697 0.4326593853533268 0.5874468939378857 
0.12967680459842085 0.3922834564000368 0.3435451325029135 0.5874468939378857 
0.12967680459842085 0.3922834564000368 0.4326593853533268 1.5273331921547653 
0.12967680459842085 0.1606327697634697 0.3435451325029135 1.5273331921547653 
0.38120242198929183 0.3922834564000368 0.3435451325029135 1.5273331921547653 
0.38120242198929183 0.1606327697634697 0.4326593853533268 1.5273331921547653 
0.38120242198929183 0.1606327697634697 0.3435451325029135 0.5874468939378857 
0.38120242198929183 0.1606327697634697 0.3435451325029135 1.5273331921547653 
0.4492590740323066 0.19988064356148244 0.16857977099716664 4.300562743376941 
0.3656465192791074 0.19988064356148244 0.16857977099716664 4.300562743376941 
0.4492590740323066 0.4937956098467112 0.16857977099716664 4.300562743376941 
0.4492590740323066 0.19988064356148244 0.29078974276781083 4.300562743376941 
0.4492590740323066 0.19988064356148244 0.16857977099716664 6.872404993139208 
0.4492590740323066 0.4937956098467112 0.29078974276781083 6.872404993139208 
0.3656465192791074 0.19988064356148244 0.29078974276781083 6.872404993139208 
0.3656465192791074 0.4937956098467112 0.16857977099716664 6.872404993139208 
0.3656465192791074 0.4937956098467112 0.29078974276781083 4.300562743376941 
0.3656465192791074 0.4937956098467112 0.29078974276781083 6.872404993139208 
0.451963805919513 0.3486134480684996 0.43968337774276733 1.0145815901458264 
0.09784059310331941 0.3486134480684996 0.43968337774276733 1.0145815901458264 
0.451963805919513 0.3505626808851957 0.43968337774276733 1.0145815901458264 
0.451963805919513 0.3486134480684996 0.2017928332090378 1.0145815901458264 
0.451963805919513 0.3486134480684996 0.43968337774276733 6.2706324444152415 
0.451963805919513 0.3505626808851957 0.2017928332090378 6.2706324444152415 
0.09784059310331941 0.3486134480684996 0.2017928332090378 6.2706324444152415 
0.09784059310331941 0.3505626808851957 0.43968337774276733 6.2706324444152415 
0.09784059310331941 0.3505626808851957 0.2017928332090378 1.0145815901458264 
0.09784059310331941 0.3505626808851957 0.2017928332090378 6.2706324444152415 
0.12126848162151872 0.14374453239142895 0.1600054856389761 4.631885857973248 
0.6516602351795882 0.14374453239142895 0.1600054856389761 4.631885857973248 
0.12126848162151872 0.2915365986526013 0.1600054856389761 4.631885857973248 
0.12126848162151872 0.14374453239142895 0.351374388858676 4.631885857973248 
0.12126848162151872 0.14374453239142895 0.1600054856389761 1.2657897899858654 
0.12126848162151872 0.2915365986526013 0.351374388858676 1.2657897899858654 
0.6516602351795882 0.14374453239142895 0.351374388858676 1.2657897899858654 
0.6516602351795882 0.2915365986526013 0.1600054856389761 1.2657897899858654 
0.6516602351795882 0.2915365986526013 0.351374388858676 4.631885857973248 
0.6516602351795882 0.2915365986526013 0.351374388858676 1.2657897899858654 
0.2199686891399324 0.43603666834533217 0.3832024190574884 2.5762189793400467 
0.49071161826141174 0.43603666834533217 0.3832024190574884 2.5762189793400467 
0.2199686891399324 0.18801300041377544 0.3832024190574884 2.5762189793400467 
0.2199686891399324 0.43603666834533217 0.11438660956919194 2.5762189793400467 
0.2199686891399324 0.43603666834533217 0.3832024190574884 2.0577994123101235 
0.2199686891399324 0.18801300041377544 0.11438660956919194 2.0577994123101235 
0.49071161826141174 0.43603666834533217 0.11438660956919194 2.0577994123101235 
0.49071161826141174 0.18801300041377544 0.3832024190574884 2.0577994123101235 
0.49071161826141174 0.18801300041377544 0.11438660956919194 2.5762189793400467 
0.49071161826141174 0.18801300041377544 0.11438660956919194 2.0577994123101235 
0.5392382249236106 0.231176520511508 0.21599787697196007 5.762063434161246 
0.2625200005248189 0.231176520511508 0.21599787697196007 5.762063434161246 
0.5392382249236106 0.45408571884036064 0.21599787697196007 5.762063434161246 
0.5392382249236106 0.231176520511508 0.46397420838475234 5.762063434161246 
0.5392382249236106 0.231176520511508 0.21599787697196007 3.7407514849677685 
0.5392382249236106 0.45408571884036064 0.46397420838475234 3.7407514849677685 
0.2625200005248189 0.231176520511508 0.46397420838475234 3.7407514849677685 
0.2625200005248189 0.45408571884036064 0.21599787697196007 3.7407514849677685 
0.2625200005248189 0.45408571884036064 0.46397420838475234 5.762063434161246 
0.2625200005248189 0.45408571884036064 0.46397420838475234 3.7407514849677685 
0.641365323914215 0.4960873443633318 0.14992737993597985 6.220872208662331 
0.3241164980921894 0.4960873443633318 0.14992737993597985 6.220872208662331 
0.641365323914215 0.30720401406288145 0.14992737993597985 6.220872208662331 
0.641365323914215 0.4960873443633318 0.15457039549946786 6.220872208662331 
0.641365323914215 0.4960873443633318 0.14992737993597985 3.052997302822769 
0.641365323914215 0.30720401406288145 0.15457039549946786 3.052997302822769 
0.3241164980921894 0.4960873443633318 0.15457039549946786 3.052997302822769 
0.3241164980921894 0.30720401406288145 0.14992737993597985 3.052997302822769 
0.3241164980921894 0.30720401406288145 0.15457039549946786 6.220872208662331 
0.3241164980921894 0.30720401406288145 0.15457039549946786 3.052997302822769 
0.3209498059470206 0.2900221396237612 0.45150718428194525 2.98006864739582 
0.43042404875159257 0.2900221396237612 0.45150718428194525 2.98006864739582 
0.3209498059470206 0.2473947037011385 0.45150718428194525 2.98006864739582 
0.3209498059470206 0.2900221396237612 0.40493322946131227 2.98006864739582 
0.3209498059470206 0.2900221396237612 0.45150718428194525 4.473106822744012 
0.3209498059470206 0.2473947037011385 0.40493322946131227 4.473106822744012 
0.43042404875159257 0.2900221396237612 0.40493322946131227 4.473106822744012 
0.43042404875159257 0.2473947037011385 0.45150718428194525 4.473106822744012 
0.43042404875159257 0.2473947037011385 0.40493322946131227 2.98006864739582 
0.43042404875159257 0.2473947037011385 0.40493322946131227 4.473106822744012 
0.1828935884870589 0.383509062603116 0.28075108490884304 4.227878672722727 
0.590033324342221 0.383509062603116 0.28075108490884304 4.227878672722727 
0.1828935884870589 0.14465603828430176 0.28075108490884304 4.227878672722727 
0.1828935884870589 0.383509062603116 0.26716591231524944 4.227878672722727 
0.1828935884870589 0.383509062603116 0.28075108490884304 5.325125908013433 
0.1828935884870589 0.14465603828430176 0.26716591231524944 5.325125908013433 
0.590033324342221 0.383509062603116 0.26716591231524944 5.325125908013433 
0.590033324342221 0.14465603828430176 0.28075108490884304 5.325125908013433 
0.590033324342221 0.14465603828430176 0.26716591231524944 4.227878672722727 
0.590033324342221 0.14465603828430176 0.26716591231524944 5.325125908013433 
0.5121958276256918 0.17745262570679188 0.31980409622192385 0.5560364410281181 
0.15807930766604839 0.17745262570679188 0.31980409622192385 0.5560364410281181 
0.5121958276256918 0.4099432397633791 0.31980409622192385 0.5560364410281181 
0.5121958276256918 0.17745262570679188 0.31753474175930024 0.5560364410281181 
0.5121958276256918 0.17745262570679188 0.31980409622192385 0.48879680903628475 
0.5121958276256918 0.4099432397633791 0.31753474175930024 0.48879680903628475 
0.15807930766604839 0.17745262570679188 0.31753474175930024 0.48879680903628475 
0.15807930766604839 0.4099432397633791 0.31980409622192385 0.48879680903628475 
0.15807930766604839 0.4099432397633791 0.31753474175930024 0.5560364410281181 
0.15807930766604839 0.4099432397633791 0.31753474175930024 0.48879680903628475 
0.4791180682368576 0.42290068231523037 0.27060063146054747 3.431135386228562 
0.666868162015453 0.42290068231523037 0.27060063146054747 3.431135386228562 
0.4791180682368576 0.49252152293920515 0.27060063146054747 3.431135386228562 
0.4791180682368576 0.42290068231523037 0.1967465229332447 3.431135386228562 
0.4791180682368576 0.42290068231523037 0.27060063146054747 3.134769027028233 
0.4791180682368576 0.49252152293920515 0.1967465229332447 3.134769027028233 
0.666868162015453 0.42290068231523037 0.1967465229332447 3.134769027028233 
0.666868162015453 0.49252152293920515 0.27060063146054747 3.134769027028233 
0.666868162015453 0.49252152293920515 0.1967465229332447 3.431135386228562 
0.666868162015453 0.49252152293920515 0.1967465229332447 3.134769027028233 
0.16013108287006617 0.216087469086051 0.32840425670146944 6.632140215579421 
0.08255985602736474 0.216087469086051 0.32840425670146944 6.632140215579421 
0.16013108287006617 0.15312390960752964 0.32840425670146944 6.632140215579421 
0.16013108287006617 0.216087469086051 0.44403308965265753 6.632140215579421 
0.16013108287006617 0.216087469086051 0.32840425670146944 5.252361215185374 
0.16013108287006617 0.15312390960752964 0.44403308965265753 5.252361215185374 
0.08255985602736474 0.216087469086051 0.44403308965265753 5.252361215185374 
0.08255985602736474 0.15312390960752964 0.32840425670146944 5.252361215185374 
0.08255985602736474 0.15312390960752964 0.44403308965265753 6.632140215579421 
0.08255985602736474 0.15312390960752964 0.44403308965265753 5.252361215185374 
0.34896924528293305 0.3103813316673041 0.10227925702929497 0.14449726445600392 
0.24731699405238028 0.3103813316673041 0.10227925702929497 0.14449726445600392 
0.34896924528293305 0.25506910532712934 0.10227925702929497 0.14449726445600392 
0.34896924528293305 0.3103813316673041 0.28434041850268843 0.14449726445600392 
0.34896924528293305 0.3103813316673041 0.10227925702929497 6.051089377701283 
0.34896924528293305 0.25506910532712934 0.28434041850268843 6.051089377701283 
0.24731699405238028 0.3103813316673041 0.28434041850268843 6.051089377701283 
0.24731699405238028 0.25506910532712934 0.10227925702929497 6.051089377701283 
0.24731699405238028 0.25506910532712934 0.28434041850268843 0.14449726445600392 
0.24731699405238028 0.25506910532712934 0.28434041850268843 6.051089377701283 
0.6793820143211633 0.1035593505948782 0.4976050142198801 3.7769634233787657 
0.5059974306728691 0.1035593505948782 0.4976050142198801 3.7769634233787657 
0.6793820143211633 0.3905757430940867 0.4976050142198801 3.7769634233787657 
0.6793820143211633 0.1035593505948782 0.3316331714391708 3.7769634233787657 
0.6793820143211633 0.1035593505948782 0.4976050142198801 0.6251226523891091 
0.6793820143211633 0.3905757430940867 0.3316331714391708 0.6251226523891091 
0.5059974306728691 0.1035593505948782 0.3316331714391708 0.6251226523891091 
0.5059974306728691 0.3905757430940867 0.4976050142198801 0.6251226523891091 
0.5059974306728691 0.3905757430940867 0.3316331714391708 3.7769634233787657 
0.5059974306728691 0.3905757430940867 0.3316331714391708 0.6251226523891091 
0.6178609627299011 0.3699839744716883 0.36835075654089455 5.097956238128245 
0.405005554202944 0.3699839744716883 0.36835075654089455 5.097956238128245 
0.6178609627299011 0.4499437149614096 0.36835075654089455 5.097956238128245 
0.6178609627299011 0.3699839744716883 0.2470924347639084 5.097956238128245 
0.6178609627299011 0.3699839744716883 0.36835075654089455 6.835663336329162 
0.6178609627299011 0.4499437149614096 0.2470924347639084 6.835663336329162 
0.405005554202944 0.3699839744716883 0.2470924347639084 6.835663336329162 
0.405005554202944 0.4499437149614096 0.36835075654089455 6.835663336329162 
0.405005554202944 0.4499437149614096 0.2470924347639084 5.097956238128245 
0.405005554202944 0.4499437149614096 0.2470924347639084 6.835663336329162 
0.2885935511440038 0.1627557221800089 0.232399832457304 1.4109521153382958 
0.34945964957587416 0.1627557221800089 0.232399832457304 1.4109521153382958 
0.2885935511440038 0.10820113494992256 0.232399832457304 1.4109521153382958 
0.2885935511440038 0.1627557221800089 0.39984772317111494 1.4109521153382958 
0.2885935511440038 0.1627557221800089 0.232399832457304 1.5647327814251186 
0.2885935511440038 0.10820113494992256 0.39984772317111494 1.5647327814251186 
0.34945964957587416 0.1627557221800089 0.39984772317111494 1.5647327814251186 
0.34945964957587416 0.10820113494992256 0.232399832457304 1.5647327814251186 
0.34945964957587416 0.10820113494992256 0.39984772317111494 1.4109521153382958 
0.34945964957587416 0.10820113494992256 0.39984772317111494 1.5647327814251186 
0.05786031871102751 0.4574630741029978 0.41233399808406834 5.365948990080506 
0.18350264509208497 0.4574630741029978 0.41233399808406834 5.365948990080506 
0.05786031871102751 0.21249378882348538 0.41233399808406834 5.365948990080506 
0.05786031871102751 0.4574630741029978 0.13468764163553715 5.365948990080506 
0.05786031871102751 0.4574630741029978 0.41233399808406834 2.4099938443861904 
0.05786031871102751 0.21249378882348538 0.13468764163553715 2.4099938443861904 
0.18350264509208497 0.4574630741029978 0.13468764163553715 2.4099938443861904 
0.18350264509208497 0.21249378882348538 0.41233399808406834 2.4099938443861904 
0.18350264509208497 0.21249378882348538 0.13468764163553715 5.365948990080506 
0.18350264509208497 0.21249378882348538 0.13468764163553715 2.4099938443861904 
0.3782410042826086 0.25022605396807196 0.18890515826642515 2.1099850542843344 
0.5646951707080007 0.25022605396807196 0.18890515826642515 2.1099850542843344 
0.3782410042826086 0.34565164521336555 0.18890515826642515 2.1099850542843344 
0.3782410042826086 0.25022605396807196 0.4874491639435291 2.1099850542843344 
0.3782410042826086 0.25022605396807196 0.18890515826642515 4.251267739851028 
0.3782410042826086 0.34565164521336555 0.4874491639435291 4.251267739851028 
0.5646951707080007 0.25022605396807196 0.4874491639435291 4.251267739851028 
0.5646951707080007 0.34565164521336555 0.18890515826642515 4.251267739851028 
0.5646951707080007 0.34565164521336555 0.4874491639435291 2.1099850542843344 
0.5646951707080007 0.34565164521336555 0.4874491639435291 4.251267739851028 
0.402133871987462 0.4643214166164399 0.34252369925379755 4.143697324860841 
0.2764782640151679 0.4643214166164399 0.34252369925379755 4.143697324860841 
0.402133871987462 0.1190164901316166 0.34252369925379755 4.143697324860841 
0.402133871987462 0.4643214166164399 0.3657048359513283 4.143697324860841 
0.402133871987462 0.4643214166164399 0.34252369925379755 2.4772570731118324 
0.402133871987462 0.1190164901316166 0.3657048359513283 2.4772570731118324 
0.2764782640151679 0.4643214166164399 0.3657048359513283 2.4772570731118324 
0.2764782640151679 0.1190164901316166 0.34252369925379755 2.4772570731118324 
0.2764782640151679 0.1190164901316166 0.3657048359513283 4.143697324860841 
0.2764782640151679 0.1190164901316166 0.3657048359513283 2.4772570731118324 
0.07270796997472644 0.27154318392276766 0.2565788451582194 0.9570220876485109 
0.4742143043782561 0.27154318392276766 0.2565788451582194 0.9570220876485109 
0.07270796997472644 0.4357590403407813 0.2565788451582194 0.9570220876485109 
0.07270796997472644 0.27154318392276766 0.2184175129979849 0.9570220876485109 
0.07270796997472644 0.27154318392276766 0.2565788451582194 4.183793926984071 
0.07270796997472644 0.4357590403407813 0.2184175129979849 4.183793926984071 
0.4742143043782561 0.27154318392276766 0.2184175129979849 4.183793926984071 
0.4742143043782561 0.4357590403407813 0.2565788451582194 4.183793926984071 
0.4742143043782561 0.4357590403407813 0.2184175129979849 0.9570220876485109 
0.4742143043782561 0.4357590403407813 0.2184175129979849 4.183793926984071 
0.26852909424342214 0.35179766118526457 0.4866046633571387 6.466760585270822 
0.6351697279606014 0.35179766118526457 0.4866046633571387 6.466760585270822 
0.26852909424342214 0.33146717920899393 0.4866046633571387 6.466760585270822 
0.26852909424342214 0.35179766118526457 0.45330625362694266 6.466760585270822 
0.26852909424342214 0.35179766118526457 0.4866046633571387 6.6867216843180355 
0.26852909424342214 0.33146717920899393 0.45330625362694266 6.6867216843180355 
0.6351697279606014 0.35179766118526457 0.45330625362694266 6.6867216843180355 
0.6351697279606014 0.33146717920899393 0.4866046633571387 6.6867216843180355 
0.6351697279606014 0.33146717920899393 0.45330625362694266 6.466760585270822 
0.6351697279606014 0.33146717920899393 0.45330625362694266 6.6867216843180355 
0.5890682847704738 0.15901675224304201 0.11318195164203644 2.848625560756773 
0.11179202571511268 0.15901675224304201 0.11318195164203644 2.848625560756773 
0.5890682847704738 0.22330929301679137 0.11318195164203644 2.848625560756773 
0.5890682847704738 0.15901675224304201 0.1060127429664135 2.848625560756773 
0.5890682847704738 0.15901675224304201 0.11318195164203644 1.712200447265059 
0.5890682847704738 0.22330929301679137 0.1060127429664135 1.712200447265059 
0.11179202571511268 0.15901675224304201 0.1060127429664135 1.712200447265059 
0.11179202571511268 0.22330929301679137 0.11318195164203644 1.712200447265059 
0.11179202571511268 0.22330929301679137 0.1060127429664135 2.848625560756773 
0.11179202571511268 0.22330929301679137 0.1060127429664135 1.712200447265059 
0.6899251805618405 0.31762874945998193 0.24633003771305084 2.3909749283455315 
0.13141519357450304 0.31762874945998193 0.24633003771305084 2.3909749283455315 
0.6899251805618405 0.16393946744501592 0.24633003771305084 2.3909749283455315 
0.6899251805618405 0.31762874945998193 0.4152616553008557 2.3909749283455315 
0.6899251805618405 0.31762874945998193 0.24633003771305084 5.741215122211725 
0.6899251805618405 0.16393946744501592 0.4152616553008557 5.741215122211725 
0.13141519357450304 0.31762874945998193 0.4152616553008557 5.741215122211725 
0.13141519357450304 0.16393946744501592 0.24633003771305084 5.741215122211725 
0.13141519357450304 0.16393946744501592 0.4152616553008557 2.3909749283455315 
0.13141519357450304 0.16393946744501592 0.4152616553008557 5.741215122211725 
0.3707793076522648 0.12448430582880975 0.35412758253514764 6.061963346414268 
0.6141583638265729 0.12448430582880975 0.35412758253514764 6.061963346414268 
0.3707793076522648 0.4783370032906532 0.35412758253514764 6.061963346414268 
0.3707793076522648 0.12448430582880975 0.16250559873878956 6.061963346414268 
0.3707793076522648 0.12448430582880975 0.35412758253514764 0.9352074920199812 
0.3707793076522648 0.4783370032906532 0.16250559873878956 0.9352074920199812 
0.6141583638265729 0.12448430582880975 0.16250559873878956 0.9352074920199812 
0.6141583638265729 0.4783370032906532 0.35412758253514764 0.9352074920199812 
0.6141583638265729 0.4783370032906532 0.16250559873878956 6.061963346414268 
0.6141583638265729 0.4783370032906532 0.16250559873878956 0.9352074920199812 
0.1330641933251172 0.4051065437495709 0.17810624279081821 1.3615557011216881 
0.45456087822094554 0.4051065437495709 0.17810624279081821 1.3615557011216881 
0.1330641933251172 0.3763911221176386 0.17810624279081821 1.3615557011216881 
0.1330641933251172 0.4051065437495709 0.3028617616742849 1.3615557011216881 
0.1330641933251172 0.4051065437495709 0.17810624279081821 3.4724549379199745 
0.1330641933251172 0.3763911221176386 0.3028617616742849 3.4724549379199745 
0.45456087822094554 0.4051065437495709 0.3028617616742849 3.4724549379199745 
0.45456087822094554 0.3763911221176386 0.17810624279081821 3.4724549379199745 
0.45456087822094554 0.3763911221176386 0.3028617616742849 1.3615557011216881 
0.45456087822094554 0.3763911221176386 0.3028617616742849 3.4724549379199745 
0.46363584506325417 0.21195942386984826 0.42342588230967526 4.601505474466831 
0.29744061823002993 0.21195942386984826 0.42342588230967526 4.601505474466831 
0.46363584506325417 0.2658844068646431 0.42342588230967526 4.601505474466831 
0.46363584506325417 0.21195942386984826 0.2500994697213173 4.601505474466831 
0.46363584506325417 0.21195942386984826 0.42342588230967526 4.916149290464818 
0.46363584506325417 0.2658844068646431 0.2500994697213173 4.916149290464818 
0.29744061823002993 0.21195942386984826 0.2500994697213173 4.916149290464818 
0.29744061823002993 0.2658844068646431 0.42342588230967526 4.916149290464818 
0.29744061823002993 0.2658844068646431 0.2500994697213173 4.601505474466831 
0.29744061823002993 0.2658844068646431 0.2500994697213173 4.916149290464818 
0.5321212951559573 0.38846865147352216 0.1742041025310755 5.6118383434601125 
0.5199488632846623 0.38846865147352216 0.1742041025310755 5.6118383434601125 
0.5321212951559573 0.23633499331772329 0.1742041025310755 5.6118383434601125 
0.5321212951559573 0.38846865147352216 0.4355612568557262 5.6118383434601125 
0.5321212951559573 0.38846865147352216 0.1742041025310755 5.608047861047089 
0.5321212951559573 0.23633499331772329 0.4355612568557262 5.608047861047089 
0.5199488632846623 0.38846865147352216 0.4355612568557262 5.608047861047089 
0.5199488632846623 0.23633499331772329 0.1742041025310755 5.608047861047089 
0.5199488632846623 0.23633499331772329 0.4355612568557262 5.6118383434601125 
0.5199488632846623 0.23633499331772329 0.4355612568557262 5.608047861047089 
0.21186489234678446 0.19451592713594437 0.42577772960066795 1.9785414021462204 
0.23082648683339357 0.19451592713594437 0.42577772960066795 1.9785414021462204 
0.21186489234678446 0.3211443811655045 0.42577772960066795 1.9785414021462204 
0.21186489234678446 0.19451592713594437 0.18597893305122853 1.9785414021462204 
0.21186489234678446 0.19451592713594437 0.42577772960066795 0.20566427186131478 
0.21186489234678446 0.3211443811655045 0.18597893305122853 0.20566427186131478 
0.23082648683339357 0.19451592713594437 0.18597893305122853 0.20566427186131478 
0.23082648683339357 0.3211443811655045 0.42577772960066795 0.20566427186131478 
0.23082648683339357 0.3211443811655045 0.18597893305122853 1.9785414021462204 
0.23082648683339357 0.3211443811655045 0.18597893305122853 0.20566427186131478 
0.2972355617210269 0.4758932247757912 0.20493016839027406 5.013774324767291 
0.06606254214420915 0.4758932247757912 0.20493016839027406 5.013774324767291 
0.2972355617210269 0.42388373203575613 0.20493016839027406 5.013774324767291 
0.2972355617210269 0.4758932247757912 0.3481627937406302 5.013774324767291 
0.2972355617210269 0.4758932247757912 0.20493016839027406 2.6883574443869294 
0.2972355617210269 0.42388373203575613 0.3481627937406302 2.6883574443869294 
0.06606254214420915 0.4758932247757912 0.3481627937406302 2.6883574443869294 
0.06606254214420915 0.42388373203575613 0.20493016839027406 2.6883574443869294 
0.06606254214420915 0.42388373203575613 0.3481627937406302 5.013774324767291 
0.06606254214420915 0.42388373203575613 0.3481627937406302 2.6883574443869294 
0.626378680858761 0.2819431766867638 0.3939771588891745 1.811938738729805 
0.680826425505802 0.2819431766867638 0.3939771588891745 1.811938738729805 
0.626378680858761 0.133596608042717 0.3939771588891745 1.811938738729805 
0.626378680858761 0.2819431766867638 0.29857442528009415 1.811938738729805 
0.626378680858761 0.2819431766867638 0.3939771588891745 4.836272695008665 
0.626378680858761 0.133596608042717 0.29857442528009415 4.836272695008665 
0.680826425505802 0.2819431766867638 0.29857442528009415 4.836272695008665 
0.680826425505802 0.133596608042717 0.3939771588891745 4.836272695008665 
0.680826425505802 0.133596608042717 0.29857442528009415 1.811938738729805 
0.680826425505802 0.133596608042717 0.29857442528009415 4.836272695008665 
0.5661267234478146 0.44216663017868996 0.46550431810319426 0.4914723522029817 
0.5380192908458411 0.44216663017868996 0.46550431810319426 0.4914723522029817 
0.5661267234478146 0.2804771147668362 0.46550431810319426 0.4914723522029817 
0.5661267234478146 0.44216663017868996 0.38288096338510513 0.4914723522029817 
0.5661267234478146 0.44216663017868996 0.46550431810319426 1.9635822360403838 
0.5661267234478146 0.2804771147668362 0.38288096338510513 1.9635822360403838 
0.5380192908458411 0.44216663017868996 0.38288096338510513 1.9635822360403838 
0.5380192908458411 0.2804771147668362 0.46550431810319426 1.9635822360403838 
0.5380192908458411 0.2804771147668362 0.38288096338510513 0.4914723522029817 
0.5380192908458411 0.2804771147668362 0.38288096338510513 1.9635822360403838 
0.23558967164717615 0.24706644490361215 0.13583258986473085 3.746582474373281 
0.20763947456143794 0.24706644490361215 0.13583258986473085 3.746582474373281 
0.23558967164717615 0.36450322680175307 0.13583258986473085 3.746582474373281 
0.23558967164717615 0.24706644490361215 0.2325173731893301 3.746582474373281 
0.23558967164717615 0.24706644490361215 0.13583258986473085 3.8351792453788223 
0.23558967164717615 0.36450322680175307 0.2325173731893301 3.8351792453788223 
0.20763947456143794 0.24706644490361215 0.2325173731893301 3.8351792453788223 
0.20763947456143794 0.36450322680175307 0.13583258986473085 3.8351792453788223 
0.20763947456143794 0.36450322680175307 0.2325173731893301 3.746582474373281 
0.20763947456143794 0.36450322680175307 0.2325173731893301 3.8351792453788223 
0.11086407229304313 0.3295927055180073 0.30892567262053494 3.245890769734979 
0.373584689060226 0.3295927055180073 0.30892567262053494 3.245890769734979 
0.11086407229304313 0.46802603229880335 0.30892567262053494 3.245890769734979 
0.11086407229304313 0.3295927055180073 0.49548075981438167 3.245890769734979 
0.11086407229304313 0.3295927055180073 0.30892567262053494 6.3926217939704655 
0.11086407229304313 0.46802603229880335 0.49548075981438167 6.3926217939704655 
0.373584689060226 0.3295927055180073 0.49548075981438167 6.3926217939704655 
0.373584689060226 0.46802603229880335 0.30892567262053494 6.3926217939704655 
0.373584689060226 0.46802603229880335 0.49548075981438167 3.245890769734979 
0.373584689060226 0.46802603229880335 0.49548075981438167 6.3926217939704655 
0.4299753501079976 0.1344951964914799 0.29172716476023197 6.932041104603559 
0.37834144011139864 0.1344951964914799 0.29172716476023197 6.932041104603559 
0.4299753501079976 0.17695334367454052 0.29172716476023197 6.932041104603559 
0.4299753501079976 0.1344951964914799 0.14511117264628412 6.932041104603559 
0.4299753501079976 0.1344951964914799 0.29172716476023197 1.1452744266018273 
0.4299753501079976 0.17695334367454052 0.14511117264628412 1.1452744266018273 
0.37834144011139864 0.1344951964914799 0.14511117264628412 1.1452744266018273 
0.37834144011139864 0.17695334367454052 0.29172716476023197 1.1452744266018273 
0.37834144011139864 0.17695334367454052 0.14511117264628412 6.932041104603559 
0.37834144011139864 0.17695334367454052 0.14511117264628412 1.1452744266018273 
0.41958420481532804 0.4283464070409536 0.11011551395058633 4.438134786020965 
0.16229909318499264 0.4283464070409536 0.11011551395058633 4.438134786020965 
0.41958420481532804 0.1257052704691887 0.11011551395058633 4.438134786020965 
0.41958420481532804 0.4283464070409536 0.45756262727081776 4.438134786020965 
0.41958420481532804 0.4283464070409536 0.11011551395058633 0.297749163210392 
0.41958420481532804 0.1257052704691887 0.45756262727081776 0.297749163210392 
0.16229909318499264 0.4283464070409536 0.45756262727081776 0.297749163210392 
0.16229909318499264 0.1257052704691887 0.11011551395058633 0.297749163210392 
0.16229909318499264 0.1257052704691887 0.45756262727081776 4.438134786020965 
0.16229909318499264 0.1257052704691887 0.45756262727081776 0.297749163210392 
0.1003191971220076 0.23559301160275936 0.4898172039538622 1.2116491856053473 
0.5834724773652852 0.23559301160275936 0.4898172039538622 1.2116491856053473 
0.1003191971220076 0.4167657498270273 0.4898172039538622 1.2116491856053473 
0.1003191971220076 0.23559301160275936 0.10793222114443779 1.2116491856053473 
0.1003191971220076 0.23559301160275936 0.4898172039538622 5.51493633184582 
0.1003191971220076 0.4167657498270273 0.10793222114443779 5.51493633184582 
0.5834724773652852 0.23559301160275936 0.10793222114443779 5.51493633184582 
0.5834724773652852 0.4167657498270273 0.4898172039538622 5.51493633184582 
0.5834724773652852 0.4167657498270273 0.10793222114443779 1.2116491856053473 
0.5834724773652852 0.4167657498270273 0.10793222114443779 5.51493633184582 
0.24600314018316566 0.3408732142299414 0.26583882682025434 5.996298481523991 
0.42450759019702666 0.3408732142299414 0.26583882682025434 5.996298481523991 
0.24600314018316566 0.313254962861538 0.26583882682025434 5.996298481523991 
0.24600314018316566 0.3408732142299414 0.3699686363339424 5.996298481523991 
0.24600314018316566 0.3408732142299414 0.26583882682025434 4.70954574206844 
0.24600314018316566 0.313254962861538 0.3699686363339424 4.70954574206844 
0.42450759019702666 0.3408732142299414 0.3699686363339424 4.70954574206844 
0.42450759019702666 0.313254962861538 0.26583882682025434 4.70954574206844 
0.42450759019702666 0.313254962861538 0.3699686363339424 5.996298481523991 
0.42450759019702666 0.313254962861538 0.3699686363339424 4.70954574206844 
0.5766939267050475 0.1481163915246725 0.3330199584364891 2.3387726941145957 
0.3276925441343337 0.1481163915246725 0.3330199584364891 2.3387726941145957 
0.5766939267050475 0.2292166415601969 0.3330199584364891 2.3387726941145957 
0.5766939267050475 0.1481163915246725 0.22033223472535612 2.3387726941145957 
0.5766939267050475 0.1481163915246725 0.3330199584364891 2.814426464866847 
0.5766939267050475 0.2292166415601969 0.22033223472535612 2.814426464866847 
0.3276925441343337 0.1481163915246725 0.22033223472535612 2.814426464866847 
0.3276925441343337 0.2292166415601969 0.3330199584364891 2.814426464866847 
0.3276925441343337 0.2292166415601969 0.22033223472535612 2.3387726941145957 
0.3276925441343337 0.2292166415601969 0.22033223472535612 2.814426464866847 
0.6369285926222801 0.37542969919741154 0.4014217600226403 2.7424644337035717 
0.2660652410238981 0.37542969919741154 0.4014217600226403 2.7424644337035717 
0.6369285926222801 0.18234834633767605 0.4014217600226403 2.7424644337035717 
0.6369285926222801 0.37542969919741154 0.31112297140061856 2.7424644337035717 
0.6369285926222801 0.37542969919741154 0.4014217600226403 3.9316802731715144 
0.6369285926222801 0.18234834633767605 0.31112297140061856 3.9316802731715144 
0.2660652410238981 0.37542969919741154 0.31112297140061856 3.9316802731715144 
0.2660652410238981 0.18234834633767605 0.4014217600226403 3.9316802731715144 
0.2660652410238981 0.18234834633767605 0.31112297140061856 2.7424644337035717 
0.2660652410238981 0.18234834633767605 0.31112297140061856 3.9316802731715144 
0.3076218253932893 0.18226126469671727 0.19986584298312665 6.454949327558279 
0.48474606745876364 0.18226126469671727 0.19986584298312665 6.454949327558279 
0.3076218253932893 0.47262325957417495 0.19986584298312665 6.454949327558279 
0.3076218253932893 0.18226126469671727 0.2607113316655159 6.454949327558279 
0.3076218253932893 0.18226126469671727 0.19986584298312665 1.868160488922149 
0.3076218253932893 0.47262325957417495 0.2607113316655159 1.868160488922149 
0.48474606745876364 0.18226126469671727 0.2607113316655159 1.868160488922149 
0.48474606745876364 0.47262325957417495 0.19986584298312665 1.868160488922149 
0.48474606745876364 0.47262325957417495 0.2607113316655159 6.454949327558279 
0.48474606745876364 0.47262325957417495 0.2607113316655159 1.868160488922149 
0.20129265249706801 0.48795495666563515 0.3698405046015978 0.7531566793099046 
0.6450695221778004 0.48795495666563515 0.3698405046015978 0.7531566793099046 
0.20129265249706801 0.36989631019532687 0.3698405046015978 0.7531566793099046 
0.20129265249706801 0.48795495666563515 0.42352766916155815 0.7531566793099046 
0.20129265249706801 0.48795495666563515 0.3698405046015978 1.0292854784056544 
0.20129265249706801 0.36989631019532687 0.42352766916155815 1.0292854784056544 
0.6450695221778004 0.48795495666563515 0.42352766916155815 1.0292854784056544 
0.6450695221778004 0.36989631019532687 0.3698405046015978 1.0292854784056544 
0.6450695221778004 0.36989631019532687 0.42352766916155815 0.7531566793099046 
0.6450695221778004 0.36989631019532687 0.42352766916155815 1.0292854784056544 
0.5217127082403749 0.29478309489786625 0.2307639814913273 4.03418024359271 
0.10201160600408912 0.29478309489786625 0.2307639814913273 4.03418024359271 
0.5217127082403749 0.28507471159100534 0.2307639814913273 4.03418024359271 
0.5217127082403749 0.29478309489786625 0.17310998626053334 4.03418024359271 
0.5217127082403749 0.29478309489786625 0.2307639814913273 6.509216031804681 
0.5217127082403749 0.28507471159100534 0.17310998626053334 6.509216031804681 
0.10201160600408912 0.29478309489786625 0.17310998626053334 6.509216031804681 
0.10201160600408912 0.28507471159100534 0.2307639814913273 6.509216031804681 
0.10201160600408912 0.28507471159100534 0.17310998626053334 4.03418024359271 
0.10201160600408912 0.28507471159100534 0.17310998626053334 6.509216031804681 
0.4734022276941686 0.30557006709277634 0.3784416187554598 6.852898726146668 
0.5682712506502866 0.30557006709277634 0.3784416187554598 6.852898726146668 
0.4734022276941686 0.2173401903361082 0.3784416187554598 6.852898726146668 
0.4734022276941686 0.30557006709277634 0.3376480158418417 6.852898726146668 
0.4734022276941686 0.30557006709277634 0.3784416187554598 4.068682427704334 
0.4734022276941686 0.2173401903361082 0.3376480158418417 4.068682427704334 
0.5682712506502866 0.30557006709277634 0.3376480158418417 4.068682427704334 
0.5682712506502866 0.2173401903361082 0.3784416187554598 4.068682427704334 
0.5682712506502866 0.2173401903361082 0.3376480158418417 6.852898726146668 
0.5682712506502866 0.2173401903361082 0.3376480158418417 4.068682427704334 
0.14298431067727504 0.11164133362472058 0.2206125743687153 3.207165689207614 
0.1775862204376608 0.11164133362472058 0.2206125743687153 3.207165689207614 
0.14298431067727504 0.3278347007930279 0.2206125743687153 3.207165689207614 
0.14298431067727504 0.11164133362472058 0.2904102995991707 3.207165689207614 
0.14298431067727504 0.11164133362472058 0.2206125743687153 2.594711075164378 
0.14298431067727504 0.3278347007930279 0.2904102995991707 2.594711075164378 
0.1775862204376608 0.11164133362472058 0.2904102995991707 2.594711075164378 
0.1775862204376608 0.3278347007930279 0.2206125743687153 2.594711075164378 
0.1775862204376608 0.3278347007930279 0.2904102995991707 3.207165689207614 
0.1775862204376608 0.3278347007930279 0.2904102995991707 2.594711075164378 
0.361030289158225 0.4181424420326948 0.44751901775598524 3.5697357632219795 
0.3428988461848348 0.4181424420326948 0.44751901775598524 3.5697357632219795 
0.361030289158225 0.42979259602725506 0.44751901775598524 3.5697357632219795 
0.361030289158225 0.4181424420326948 0.42505433484911925 3.5697357632219795 
0.361030289158225 0.4181424420326948 0.44751901775598524 1.8095287487842144 
0.361030289158225 0.42979259602725506 0.42505433484911925 1.8095287487842144 
0.3428988461848348 0.4181424420326948 0.42505433484911925 1.8095287487842144 
0.3428988461848348 0.42979259602725506 0.44751901775598524 1.8095287487842144 
0.3428988461848348 0.42979259602725506 0.42505433484911925 3.5697357632219795 
0.3428988461848348 0.42979259602725506 0.42505433484911925 1.8095287487842144 
0.6800224321894347 0.22421713583171368 0.15221829228103162 0.35504139671102164 
0.40922538330778474 0.22421713583171368 0.15221829228103162 0.35504139671102164 
0.6800224321894347 0.11538285538554192 0.15221829228103162 0.35504139671102164 
0.6800224321894347 0.22421713583171368 0.17781038470566274 0.35504139671102164 
0.6800224321894347 0.22421713583171368 0.15221829228103162 6.592104590963572 
0.6800224321894347 0.11538285538554192 0.17781038470566274 6.592104590963572 
0.40922538330778474 0.22421713583171368 0.17781038470566274 6.592104590963572 
0.40922538330778474 0.11538285538554192 0.15221829228103162 6.592104590963572 
0.40922538330778474 0.11538285538554192 0.17781038470566274 0.35504139671102164 
0.40922538330778474 0.11538285538554192 0.17781038470566274 6.592104590963572 
0.5791432857979089 0.45304396338760855 0.28224173597991464 1.6215488904155793 
0.5101683999877422 0.45304396338760855 0.28224173597991464 1.6215488904155793 
0.5791432857979089 0.27476488351821904 0.28224173597991464 1.6215488904155793 
0.5791432857979089 0.45304396338760855 0.4934641975909472 1.6215488904155793 
0.5791432857979089 0.45304396338760855 0.28224173597991464 0.8076680711470544 
0.5791432857979089 0.27476488351821904 0.4934641975909472 0.8076680711470544 
0.5101683999877422 0.45304396338760855 0.4934641975909472 0.8076680711470544 
0.5101683999877422 0.27476488351821904 0.28224173597991464 0.8076680711470544 
0.5101683999877422 0.27476488351821904 0.4934641975909472 1.6215488904155793 
0.5101683999877422 0.27476488351821904 0.4934641975909472 0.8076680711470544 
0.2587677482049912 0.2579189408570528 0.31816734224557874 4.890781220793724 
0.24072623746469612 0.2579189408570528 0.31816734224557874 4.890781220793724 
0.2587677482049912 0.38291056640446186 0.31816734224557874 4.890781220793724 
0.2587677482049912 0.2579189408570528 0.14075771495699885 4.890781220793724 
0.2587677482049912 0.2579189408570528 0.31816734224557874 5.866464683134109 
0.2587677482049912 0.38291056640446186 0.14075771495699885 5.866464683134109 
0.24072623746469612 0.2579189408570528 0.14075771495699885 5.866464683134109 
0.24072623746469612 0.38291056640446186 0.31816734224557874 5.866464683134109 
0.24072623746469612 0.38291056640446186 0.14075771495699885 4.890781220793724 
0.24072623746469612 0.38291056640446186 0.14075771495699885 5.866464683134109 
0.08261559996753931 0.36561483629047875 0.13901461437344553 1.8858574287965895 
0.07659427132457494 0.36561483629047875 0.13901461437344553 1.8858574287965895 
0.08261559996753931 0.4872148215770722 0.13901461437344553 1.8858574287965895 
0.08261559996753931 0.36561483629047875 0.3808687761425972 1.8858574287965895 
0.08261559996753931 0.36561483629047875 0.13901461437344553 5.0073682485148305 
0.08261559996753931 0.4872148215770722 0.3808687761425972 5.0073682485148305 
0.07659427132457494 0.36561483629047875 0.3808687761425972 5.0073682485148305 
0.07659427132457494 0.4872148215770722 0.13901461437344553 5.0073682485148305 
0.07659427132457494 0.4872148215770722 0.3808687761425972 1.8858574287965895 
0.07659427132457494 0.4872148215770722 0.3808687761425972 5.0073682485148305 
0.41187785388901826 0.1704932410269976 0.462468396499753 5.586549572180957 
0.6704133686143905 0.1704932410269976 0.462468396499753 5.586549572180957 
0.41187785388901826 0.17046006806194783 0.462468396499753 5.586549572180957 
0.41187785388901826 0.1704932410269976 0.22815610729157926 5.586549572180957 
0.41187785388901826 0.1704932410269976 0.462468396499753 3.3784721288830046 
0.41187785388901826 0.17046006806194783 0.22815610729157926 3.3784721288830046 
0.6704133686143905 0.1704932410269976 0.22815610729157926 3.3784721288830046 
0.6704133686143905 0.17046006806194783 0.462468396499753 3.3784721288830046 
0.6704133686143905 0.17046006806194783 0.22815610729157926 5.586549572180957 
0.6704133686143905 0.17046006806194783 0.22815610729157926 3.3784721288830046 
0.38879827964119607 0.35636592954397206 0.20651855021715165 0.7227886853739619 
0.3137409468647092 0.35636592954397206 0.20651855021715165 0.7227886853739619 
0.38879827964119607 0.39377491064369685 0.20651855021715165 0.7227886853739619 
0.38879827964119607 0.35636592954397206 0.1249978993088007 0.7227886853739619
0.38879827964119607 0.35636592954397206 0.20651855021715165 5.155957247596234 
0.38879827964119607 0.39377491064369685 0.1249978993088007 5.155957247596234 
0.3137409468647092 0.35636592954397206 0.1249978993088007 5.155957247596234 
0.3137409468647092 0.39377491064369685 0.20651855021715165 5.155957247596234 
0.3137409468647092 0.39377491064369685 0.1249978993088007 0.7227886853739619 
0.3137409468647092 0.39377491064369685 0.1249978993088007 5.155957247596234 
0.06826385934837162 0.1514722600579262 0.39243798665702345 4.381141964998096 
0.44099824270233506 0.1514722600579262 0.39243798665702345 4.381141964998096 
0.06826385934837162 0.2606292575597763 0.39243798665702345 4.381141964998096 
0.06826385934837162 0.1514722600579262 0.47223637178540234 4.381141964998096 
0.06826385934837162 0.1514722600579262 0.39243798665702345 3.2305148565210406 
0.06826385934837162 0.2606292575597763 0.47223637178540234 3.2305148565210406 
0.44099824270233506 0.1514722600579262 0.47223637178540234 3.2305148565210406 
0.44099824270233506 0.2606292575597763 0.39243798665702345 3.2305148565210406 
0.44099824270233506 0.2606292575597763 0.47223637178540234 4.381141964998096 
0.44099824270233506 0.2606292575597763 0.47223637178540234 3.2305148565210406 
0.2780585845001042 0.46893355399370196 0.16319361217319966 3.042378277797252 
0.5999699559062719 0.46893355399370196 0.16319361217319966 3.042378277797252 
0.2780585845001042 0.1563242096453905 0.16319361217319966 3.042378277797252 
0.2780585845001042 0.46893355399370196 0.21239626705646517 3.042378277797252 
0.2780585845001042 0.46893355399370196 0.16319361217319966 0.7407908083871007 
0.2780585845001042 0.1563242096453905 0.21239626705646517 0.7407908083871007 
0.5999699559062719 0.46893355399370196 0.21239626705646517 0.7407908083871007 
0.5999699559062719 0.1563242096453905 0.16319361217319966 0.7407908083871007 
0.5999699559062719 0.1563242096453905 0.21239626705646517 3.042378277797252 
0.5999699559062719 0.1563242096453905 0.21239626705646517 0.7407908083871007 
0.6074797259643674 0.26404942721128466 0.4366413541138172 6.269691344723105 
0.14834068440832196 0.26404942721128466 0.4366413541138172 6.269691344723105 
0.6074797259643674 0.4980789929628372 0.4366413541138172 6.269691344723105 
0.6074797259643674 0.26404942721128466 0.3596409749239683 6.269691344723105 
0.6074797259643674 0.26404942721128466 0.4366413541138172 5.934394789487124 
0.6074797259643674 0.4980789929628372 0.3596409749239683 5.934394789487124 
0.14834068440832196 0.26404942721128466 0.3596409749239683 5.934394789487124 
0.14834068440832196 0.4980789929628372 0.4366413541138172 5.934394789487124 
0.14834068440832196 0.4980789929628372 0.3596409749239683 6.269691344723105 
0.14834068440832196 0.4980789929628372 0.3596409749239683 5.934394789487124 
0.6689833553042263 0.41006390824913985 0.30426245406270025 5.864841463044286 
0.1286876505240798 0.41006390824913985 0.30426245406270025 5.864841463044286 
0.6689833553042263 0.3386988185346127 0.30426245406270025 5.864841463044286 
0.6689833553042263 0.41006390824913985 0.26908443681895733 5.864841463044286 
0.6689833553042263 0.41006390824913985 0.30426245406270025 1.4723270978778602 
0.6689833553042263 0.3386988185346127 0.26908443681895733 1.4723270978778602 
0.1286876505240798 0.41006390824913985 0.26908443681895733 1.4723270978778602 
0.1286876505240798 0.3386988185346127 0.30426245406270025 1.4723270978778602 
0.1286876505240798 0.3386988185346127 0.26908443681895733 5.864841463044286 
0.1286876505240798 0.3386988185346127 0.26908443681895733 1.4723270978778602 
0.33840693333186206 0.20402277782559397 0.2964395929127932 2.584675002563745 
0.6209325474221259 0.20402277782559397 0.2964395929127932 2.584675002563745 
0.33840693333186206 0.20320438556373122 0.2964395929127932 2.584675002563745 
0.33840693333186206 0.20402277782559397 0.3217916876077652 2.584675002563745 
0.33840693333186206 0.20402277782559397 0.2964395929127932 6.928674515150488 
0.33840693333186206 0.20320438556373122 0.3217916876077652 6.928674515150488 
0.6209325474221259 0.20402277782559397 0.3217916876077652 6.928674515150488 
0.6209325474221259 0.20320438556373122 0.2964395929127932 6.928674515150488 
0.6209325474221259 0.20320438556373122 0.3217916876077652 2.584675002563745 
0.6209325474221259 0.20320438556373122 0.3217916876077652 6.928674515150488 
0.17050743801519275 0.3226330347359181 0.47324237041175365 4.839108043070882 
0.4606208633165806 0.3226330347359181 0.47324237041175365 4.839108043070882 
0.17050743801519275 0.10124717578291893 0.47324237041175365 4.839108043070882 
0.17050743801519275 0.3226330347359181 0.15648454502224923 4.839108043070882 
0.17050743801519275 0.3226330347359181 0.47324237041175365 4.378091752994806 
0.17050743801519275 0.10124717578291893 0.15648454502224923 4.378091752994806 
0.4606208633165806 0.3226330347359181 0.15648454502224923 4.378091752994806 
0.4606208633165806 0.10124717578291893 0.47324237041175365 4.378091752994806 
0.4606208633165806 0.10124717578291893 0.15648454502224923 4.839108043070882 
0.4606208633165806 0.10124717578291893 0.15648454502224923 4.378091752994806 
0.4896580714732408 0.11660144701600075 0.12794767171144486 1.127480227313936 
0.2927295004017651 0.11660144701600075 0.12794767171144486 1.127480227313936 
0.4896580714732408 0.44065699391067026 0.12794767171144486 1.127480227313936 
0.4896580714732408 0.11660144701600075 0.4091979835182429 1.127480227313936 
0.4896580714732408 0.11660144701600075 0.12794767171144486 2.2842489062808458 
0.4896580714732408 0.44065699391067026 0.4091979835182429 2.2842489062808458 
0.2927295004017651 0.11660144701600075 0.4091979835182429 2.2842489062808458 
0.2927295004017651 0.44065699391067026 0.12794767171144486 2.2842489062808458 
0.2927295004017651 0.44065699391067026 0.4091979835182429 1.127480227313936 
0.2927295004017651 0.44065699391067026 0.4091979835182429 2.2842489062808458 
0.5022831513546406 0.48382648229599 0.4755947899073363 2.1857707073912027 
0.39526697453111403 0.48382648229599 0.4755947899073363 2.1857707073912027 
0.5022831513546406 0.46161264553666115 0.4755947899073363 2.1857707073912027 
0.5022831513546406 0.48382648229599 0.2799860071390867 2.1857707073912027 
0.5022831513546406 0.48382648229599 0.4755947899073363 1.3934394317679109 
0.5022831513546406 0.46161264553666115 0.2799860071390867 1.3934394317679109 
0.39526697453111403 0.48382648229599 0.2799860071390867 1.3934394317679109 
0.39526697453111403 0.46161264553666115 0.4755947899073363 1.3934394317679109 
0.39526697453111403 0.46161264553666115 0.2799860071390867 2.1857707073912027 
0.39526697453111403 0.46161264553666115 0.2799860071390867 1.3934394317679109 
0.17313464209437368 0.27698919475078587 0.12404495924711229 5.401292566116899 
0.35939632472582156 0.27698919475078587 0.12404495924711229 5.401292566116899 
0.17313464209437368 0.19633765481412413 0.12404495924711229 5.401292566116899 
0.17313464209437368 0.27698919475078587 0.32961718142032626 5.401292566116899 
0.17313464209437368 0.27698919475078587 0.12404495924711229 6.145693805161864 
0.17313464209437368 0.19633765481412413 0.32961718142032626 6.145693805161864 
0.35939632472582156 0.27698919475078587 0.32961718142032626 6.145693805161864 
0.35939632472582156 0.19633765481412413 0.12404495924711229 6.145693805161864 
0.35939632472582156 0.19633765481412413 0.32961718142032626 5.401292566116899 
0.35939632472582156 0.19633765481412413 0.32961718142032626 6.145693805161864 
0.3308798318263143 0.3963549882173538 0.3441110767424107 1.5911818732507528 
0.19407687294296916 0.3963549882173538 0.3441110767424107 1.5911818732507528 
0.3308798318263143 0.2990639187395573 0.3441110767424107 1.5911818732507528 
0.3308798318263143 0.3963549882173538 0.192384684830904 1.5911818732507528 
0.3308798318263143 0.3963549882173538 0.3441110767424107 3.649224895425141 
0.3308798318263143 0.2990639187395573 0.192384684830904 3.649224895425141 
0.19407687294296916 0.3963549882173538 0.192384684830904 3.649224895425141 
0.19407687294296916 0.2990639187395573 0.3441110767424107 3.649224895425141 
0.19407687294296916 0.2990639187395573 0.192384684830904 1.5911818732507528 
0.19407687294296916 0.2990639187395573 0.192384684830904 3.649224895425141 
0.6511416150722652 0.18950815796852113 0.25504067726433277 5.2377423767000435 
0.5543196533806621 0.18950815796852113 0.25504067726433277 5.2377423767000435 
0.6511416150722652 0.3588854398578406 0.25504067726433277 5.2377423767000435 
0.6511416150722652 0.18950815796852113 0.442021856084466 5.2377423767000435 
0.6511416150722652 0.18950815796852113 0.25504067726433277 2.1516687102615837 
0.6511416150722652 0.3588854398578406 0.442021856084466 2.1516687102615837 
0.5543196533806621 0.18950815796852113 0.442021856084466 2.1516687102615837 
0.5543196533806621 0.3588854398578406 0.25504067726433277 2.1516687102615837 
0.5543196533806621 0.3588854398578406 0.442021856084466 5.2377423767000435 
0.5543196533806621 0.3588854398578406 0.442021856084466 2.1516687102615837 
0.5489921347238123 0.3371338151395321 0.1858448226004839 3.97070845477283 
0.6970776279922575 0.3371338151395321 0.1858448226004839 3.97070845477283 
0.5489921347238123 0.40575493313372135 0.1858448226004839 3.97070845477283 
0.5489921347238123 0.3371338151395321 0.12652294375002385 3.97070845477283 
0.5489921347238123 0.3371338151395321 0.1858448226004839 4.587910690531134 
0.5489921347238123 0.40575493313372135 0.12652294375002385 4.587910690531134 
0.6970776279922575 0.3371338151395321 0.12652294375002385 4.587910690531134 
0.6970776279922575 0.40575493313372135 0.1858448226004839 4.587910690531134 
0.6970776279922575 0.40575493313372135 0.12652294375002385 3.97070845477283 
0.6970776279922575 0.40575493313372135 0.12652294375002385 4.587910690531134 
0.22988624703139066 0.12993031665682794 0.41554043665528295 0.2708734151907265 
0.05246906718239189 0.12993031665682794 0.41554043665528295 0.2708734151907265 
0.22988624703139066 0.13969442397356036 0.41554043665528295 0.2708734151907265 
0.22988624703139066 0.12993031665682794 0.4769353397190571 0.2708734151907265 
0.22988624703139066 0.12993031665682794 0.41554043665528295 2.9354297896847132 
0.22988624703139066 0.13969442397356036 0.4769353397190571 2.9354297896847132 
0.05246906718239189 0.12993031665682794 0.4769353397190571 2.9354297896847132 
0.05246906718239189 0.13969442397356036 0.41554043665528295 2.9354297896847132 
0.05246906718239189 0.13969442397356036 0.4769353397190571 0.2708734151907265 
0.05246906718239189 0.13969442397356036 0.4769353397190571 2.9354297896847132 
0.11149722705595194 0.44966387078166015 0.2416659161448479 6.721442684438079 
0.21658926270902157 0.44966387078166015 0.2416659161448479 6.721442684438079 
0.11149722705595194 0.24320600368082523 0.2416659161448479 6.721442684438079 
0.11149722705595194 0.44966387078166015 0.2389229327440262 6.721442684438079 
0.11149722705595194 0.44966387078166015 0.2416659161448479 0.39157872842624786 
0.11149722705595194 0.24320600368082523 0.2389229327440262 0.39157872842624786 
0.21658926270902157 0.44966387078166015 0.2389229327440262 0.39157872842624786 
0.21658926270902157 0.24320600368082523 0.2416659161448479 0.39157872842624786 
0.21658926270902157 0.24320600368082523 0.2389229327440262 6.721442684438079 
0.21658926270902157 0.24320600368082523 0.2389229327440262 0.39157872842624786 
0.44202889841981224 0.24245082959532738 0.35884091369807725 3.4530674321576957 
0.5368444445077329 0.24245082959532738 0.35884091369807725 3.4530674321576957 
0.44202889841981224 0.3022442951798439 0.35884091369807725 3.4530674321576957 
0.44202889841981224 0.24245082959532738 0.3893413733690977 3.4530674321576957 
0.44202889841981224 0.24245082959532738 0.35884091369807725 5.420053923036903 
0.44202889841981224 0.3022442951798439 0.3893413733690977 5.420053923036903 
0.5368444445077329 0.24245082959532738 0.3893413733690977 5.420053923036903 
0.5368444445077329 0.3022442951798439 0.35884091369807725 5.420053923036903 
0.5368444445077329 0.3022442951798439 0.3893413733690977 3.4530674321576957 
0.5368444445077329 0.3022442951798439 0.3893413733690977 5.420053923036903 
