0.6265724691562354 
1.6960712580010295 
0.6265724691562354 
1.6960712580010295 
1.8428779041394592 
1.0316447366029025 
1.8428779041394592 
1.0316447366029025 
1.4691661969758572 
1.332377026975155 
1.4691661969758572 
1.332377026975155 
0.25112035050988196 
0.1928240703418851 
0.25112035050988196 
0.1928240703418851 
0.491498624254018 
1.1955077015794815 
0.491498624254018 
1.1955077015794815 
1.232574949786067 
0.5235292955301701 
1.232574949786067 
0.5235292955301701 
1.6008181295357644 
1.7819151963107287 
1.6008181295357644 
1.7819151963107287 
0.8575393373146653 
0.635070374328643 
0.8575393373146653 
0.635070374328643 
0.949166468437761 
1.4950108918361367 
0.949166468437761 
1.4950108918361367 
1.7499557355418802 
0.22987676607444882 
1.7499557355418802 
0.22987676607444882 
1.145586494076997 
1.6062572971917688 
1.145586494076997 
1.6062572971917688 
0.34328874908387663 
0.8159959292970597 
0.34328874908387663 
0.8159959292970597 
0.10107132503762842 
1.9954732038080691 
0.10107132503762842 
1.9954732038080691 
1.3766312561929226 
0.7376300374045968 
1.3766312561929226 
0.7376300374045968 
1.9901437300257385 
1.1568203723058106 
1.9901437300257385 
1.1568203723058106 
0.7126132657751441 
0.37411179505288605 
0.7126132657751441 
0.37411179505288605 
0.7866500461474061 
1.1060776595957578 
0.7866500461474061 
1.1060776595957578 
1.8859739712439478 
0.4341028633527457 
1.8859739712439478 
0.4341028633527457 
1.3027104567736387 
1.929756278451532 
1.3027104567736387 
1.929756278451532 
0.20512513117864728 
0.7829078183509409 
0.20512513117864728 
0.7829078183509409 
0.44724291041493414 
1.547962243296206 
0.44724291041493414 
1.547962243296206 
1.0718016074039043 
0.883539331704378 
1.0718016074039043 
0.883539331704378 
1.6456536596640945 
1.4220025505870582 
1.6456536596640945 
1.4220025505870582 
1.0232992413453759 
0.28244595583528276 
1.0232992413453759 
0.28244595583528276 
0.8727881571277976 
1.8476031441241503 
0.8727881571277976 
1.8476031441241503 
1.5563639807514846 
0.589763587526977 
1.5563639807514846 
0.589763587526977 
1.2176740162074566 
1.2462214367464186 
1.2176740162074566 
1.2462214367464186 
0.5356048584915697 
0.4635092213749885 
0.5356048584915697 
0.4635092213749885 
0.29535884521901606 
1.4053563906811177 
0.29535884521901606 
1.4053563906811177 
1.4541692142374814 
0.14022587472572923 
1.4541692142374814 
0.14022587472572923 
1.7985234567895532 
1.7543373343534767 
1.7985234567895532 
1.7543373343534767 
0.6416854328475892 
0.9640723283402621 
0.6416854328475892 
0.9640723283402621 
0.6774427248165011 
1.3061240807175636 
0.6774427248165011 
1.3061240807175636 
1.7767394701950252 
0.15961311627179384 
1.7767394701950252 
0.15961311627179384 
1.4305304348468781 
1.669878220371902 
1.4305304348468781 
1.669878220371902 
0.33297228896990416 
0.9984936911612748 
0.33297228896990416 
0.9984936911612748 
0.5713048536330462 
1.8076156015507876 
0.5713048536330462 
1.8076156015507876 
1.1958327469415964 
0.6686565217562019 
1.1958327469415964 
0.6686565217562019 
1.5326665597036482 
1.2212675624527038 
1.5326665597036482 
1.2212675624527038 
0.9103429450653493 
0.5571748985908925 
0.9103429450653493 
0.5571748985908925 
1.0005589993670583 
1.6324811385013163 
1.0005589993670583 
1.6324811385013163 
1.6841076432727278 
0.8491777784191071 
1.6841076432727278 
0.8491777784191071 
1.1083998922258615 
1.5211750510148705 
1.1083998922258615 
1.5211750510148705 
0.4263579142279923 
0.26299893306568267 
0.4263579142279923 
0.26299893306568267 
0.18244262486696244 
1.131091315113008 
0.18244262486696244 
1.131091315113008 
1.3412221902050079 
0.34049699567258357 
1.3412221902050079 
0.34049699567258357 
1.9226304588839411 
1.969684011489153 
1.9226304588839411 
1.969684011489153 
0.7658232386223971 
0.7039551028981804 
0.7658232386223971 
0.7039551028981804 
0.751125459279865 
1.8961103356443345 
0.751125459279865 
1.8961103356443345 
1.9674616979435087 
0.7571476177312433 
1.9674616979435087 
0.7571476177312433 
1.3558040169067682 
1.072491851914674 
1.3558040169067682 
1.072491851914674 
0.13772736676037312 
0.4084027978591621 
0.13772736676037312 
0.4084027978591621 
0.38174227261915805 
1.4551537092775106 
0.38174227261915805 
1.4551537092775106 
1.1228457778692247 
0.30863910671323536 
1.1228457778692247 
0.30863910671323536 
1.7290711711160838 
1.5811730841174723 
1.7290711711160838 
1.5811730841174723 
0.985765199176967 
0.9097921647131443 
0.985765199176967 
0.9097921647131443 
0.8356975938193499 
1.2798960315063597 
0.8356975938193499 
1.2798960315063597 
1.636517664603889 
0.48929807394742963 
1.636517664603889 
0.48929807394742963 
1.2701301836408676 
1.8812182832509279 
1.2701301836408676 
1.8812182832509279 
0.4678016349673271 
0.6154929844662547 
0.4678016349673271 
0.6154929844662547 
0.229336838144809 
1.721215280611068 
0.229336838144809 
1.721215280611068 
1.5049239490181208 
0.9379082824103534 
1.5049239490181208 
0.9379082824103534 
1.8804909019730984 
1.3721744283102453 
1.8804909019730984 
1.3721744283102453 
0.6029332580044865 
0.11400192016735673 
0.6029332580044865 
0.11400192016735673 
0.5858359961770475 
1.2051064401865006 
0.5858359961770475 
1.2051064401865006 
1.8614033522084354 
0.5632970752194524 
1.8614033522084354 
0.5632970752194524 
1.5249194783158602 
1.8061425192281604 
1.5249194783158602 
1.8061425192281604 
0.2473815891891718 
0.6894313905388116 
0.2473815891891718 
0.6894313905388116 
0.48016232484951615 
1.6470048437826335 
0.48016232484951615 
1.6470048437826335 
1.2809587761759758 
1.0127192777581513 
1.2809587761759758 
1.0127192777581513 
1.6265931869857013 
1.2983749785460532 
1.6265931869857013 
1.2983749785460532 
0.8242882577702403 
0.18898380091413858 
0.8242882577702403 
0.18898380091413858 
0.9752849529497325 
1.9415289432741702 
0.9752849529497325 
1.9415289432741702 
1.7163539810106159 
0.7129279754124581 
1.7163539810106159 
0.7129279754124581 
1.1346007564105094 
1.1175055879168212 
1.1346007564105094 
1.1175055879168212 
0.3913292616605759 
0.36400207774713633 
0.3913292616605759 
0.36400207774713633 
0.15670575173571705 
1.4992969086393715 
0.15670575173571705 
1.4992969086393715 
1.3730041015893222 
0.26337508372962476 
1.3730041015893222 
0.26337508372962476 
1.9492959900759161 
1.6256067596375943 
1.9492959900759161 
1.6256067596375943 
0.7312572287395596 
0.8645803565159439 
0.7312572287395596 
0.8645803565159439 
0.7754848657175898 
1.5576139858923852 
0.7754848657175898 
1.5576139858923852 
1.934302645456046 
0.9233247817493975 
1.934302645456046 
0.9233247817493975 
1.3286604836583138 
1.446249355841428 
1.3286604836583138 
1.446249355841428 
0.17181504899635913 
0.3368617880158126 
0.17181504899635913 
0.3368617880158126 
0.4065672520548105 
1.057036156579852 
0.4065672520548105 
1.057036156579852 
1.0901502740569413 
0.4152231534942985 
1.0901502740569413 
0.4152231534942985 
1.7014639051631093 
1.8958017909899354 
1.7014639051631093 
1.8958017909899354 
1.0193875490687787 
0.7790942721068859 
1.0193875490687787 
0.7790942721068859 
0.928246028907597 
1.3514515371993185 
0.928246028907597 
1.3514515371993185 
1.5527974142692984 
0.11552607417106629 
1.5527974142692984 
0.11552607417106629 
1.1766531188040972 
1.7150266233831644 
1.1766531188040972 
1.7150266233831644 
0.5543060121126473 
0.9540038300678133 
0.5543060121126473 
0.9540038300678133 
0.32142195105552673 
1.851898677367717 
0.32142195105552673 
1.851898677367717 
1.420738805178553 
0.6232940713874995 
1.420738805178553 
0.6232940713874995 
1.7874789429828524 
1.2656048773787916 
1.7874789429828524 
1.2656048773787916 
0.6899006883613765 
0.5121049770154059 
0.6899006883613765 
0.5121049770154059 
0.6513814875856041 
1.7729607833549381 
0.6513814875856041 
1.7729607833549381 
1.8101684636436404 
0.6632076624780893 
1.8101684636436404 
0.6632076624780893 
1.4415730800479651 
1.1719841599464418 
1.4415730800479651 
1.1719841599464418 
0.28475844906643033 
0.5371328027918935 
0.28475844906643033 
0.5371328027918935 
0.5158449999988078 
1.3319898911751806 
0.5158449999988078 
1.3319898911751806 
1.1994008422829212 
0.21471297135576606 
1.1994008422829212 
0.21471297135576606 
1.5736894389614462 
1.6806796650402247 
1.5736894389614462 
1.6806796650402247 
0.8916402625851333 
1.0385083568282425 
0.8916402625851333 
1.0385083568282425 
1.0412367528304458 
1.1507166552357375 
1.0412367528304458 
1.1507166552357375 
1.6657573345117271 
0.39025513725355265 
1.6657573345117271 
0.39025513725355265 
1.0525875516235828 
1.9746798754669725 
1.0525875516235828 
1.9746798754669725 
0.43027124861255284 
0.7391208997927605 
0.43027124861255284 
0.7391208997927605 
0.19360559694468976 
1.5920207254588603 
0.19360559694468976 
1.5920207254588603 
1.2928952713496984 
0.8388800645247101 
1.2928952713496984 
0.8388800645247101 
1.896682640351355 
1.465651192329824 
1.896682640351355 
1.465651192329824 
0.7991315654478967 
0.2376151096075773 
0.7991315654478967 
0.2376151096075773 
0.6954924481920898 
1.420460390020162 
0.6954924481920898 
1.420460390020162 
1.9710869839414955 
0.3031870800070464 
1.9710869839414955 
0.3031870800070464 
1.3966503412462772 
1.5318847022019326 
1.3966503412462772 
1.5318847022019326 
0.11908527240157128 
0.8897097558714449 
0.11908527240157128 
0.8897097558714449 
0.355622259248048 
1.921965723671019 
0.355622259248048 
1.921965723671019 
1.1564495142549276 
0.8122162126004695 
1.1564495142549276 
0.8122162126004695 
1.74005843764171 
1.0832602243870497 
1.74005843764171 
1.0832602243870497 
0.9377227047458291 
0.44840522911399605 
0.9377227047458291 
0.44840522911399605 
0.8470355353318154 
1.740786710754037 
0.8470355353318154 
1.740786710754037 
1.5881317431107163 
0.9876496596261858 
1.5881317431107163 
0.9876496596261858 
1.244353484082967 
1.3771517159417273 
1.244353484082967 
1.3771517159417273 
0.5010548096150159 
0.14911199510097503 
0.5010548096150159 
0.14911199510097503 
0.2700715557672083 
1.2394116132520139 
0.2700715557672083 
1.2394116132520139 
1.4864007093012332 
0.4789537050761282 
1.4864007093012332 
0.4789537050761282 
1.8247393759898842 
1.825645957607776 
1.8247393759898842 
1.825645957607776 
0.6066698109731078 
0.5900833438150584 
0.6066698109731078 
0.5900833438150584 
