0.44279542230069635 0.2874001167714596 
0.32605998069047926 0.2874001167714596 
0.44279542230069635 0.2042536970227957 
0.44279542230069635 0.2042536970227957 
0.32605998069047926 0.2874001167714596 
0.32605998069047926 0.2042536970227957 
0.1882524859160185 0.48053139187395577 
0.29072314500808716 0.48053139187395577 
0.1882524859160185 0.37497049383819103 
0.1882524859160185 0.37497049383819103 
0.29072314500808716 0.48053139187395577 
0.29072314500808716 0.37497049383819103 
0.2947676461189985 0.14677831418812276 
0.4055057764053345 0.14677831418812276 
0.2947676461189985 0.16978013515472412 
0.2947676461189985 0.16978013515472412 
0.4055057764053345 0.14677831418812276 
0.4055057764053345 0.16978013515472412 
0.34959966503083706 0.33997672274708746 
0.16442678719758988 0.33997672274708746 
0.34959966503083706 0.40299686342477803 
0.34959966503083706 0.40299686342477803 
0.16442678719758988 0.33997672274708746 
0.16442678719758988 0.40299686342477803 
0.37694436460733416 0.15973051637411118 
0.2071096993982792 0.15973051637411118 
0.37694436460733416 0.4957615185528994 
0.37694436460733416 0.4957615185528994 
0.2071096993982792 0.15973051637411118 
0.2071096993982792 0.4957615185528994 
0.22835853099823 0.35371013991534717 
0.3721764616668225 0.35371013991534717 
0.22835853099823 0.12506312467157843 
0.22835853099823 0.12506312467157843 
0.3721764616668225 0.35371013991534717 
0.3721764616668225 0.12506312467157843 
0.1359112173318863 0.21898015402257442 
0.13695911690592766 0.21898015402257442 
0.1359112173318863 0.3302351661026478 
0.1359112173318863 0.3302351661026478 
0.13695911690592766 0.21898015402257442 
0.13695911690592766 0.3302351661026478 
0.4842003390192986 0.4128926426172257 
0.49547652974724776 0.4128926426172257 
0.4842003390192986 0.2970366559922695 
0.4842003390192986 0.2970366559922695 
0.49547652974724776 0.4128926426172257 
0.49547652974724776 0.2970366559922695 
0.4748307049274445 0.12464982494711876 
0.12075835019350052 0.12464982494711876 
0.4748307049274445 0.10324643328785897 
0.4748307049274445 0.10324643328785897 
0.12075835019350052 0.12464982494711876 
0.12075835019350052 0.10324643328785897 
0.12029153853654861 0.31818393208086493 
0.46243100166320805 0.31818393208086493 
0.12029153853654861 0.47392663583159444 
0.12029153853654861 0.47392663583159444 
0.46243100166320805 0.31818393208086493 
0.46243100166320805 0.47392663583159444 
0.21270376294851304 0.25913798101246355 
0.24747751951217653 0.25913798101246355 
0.21270376294851304 0.26877323873341086 
0.21270376294851304 0.26877323873341086 
0.24747751951217653 0.25913798101246355 
0.24747751951217653 0.26877323873341086 
0.36753964126110084 0.45271480754017834 
0.3826113179326057 0.45271480754017834 
0.36753964126110084 0.30195331908762457 
0.36753964126110084 0.30195331908762457 
0.3826113179326057 0.45271480754017834 
0.3826113179326057 0.30195331908762457 
0.30894340984523294 0.24699243158102036 
0.4397002436220646 0.24699243158102036 
0.30894340984523294 0.3966955304145813 
0.30894340984523294 0.3966955304145813 
0.4397002436220646 0.24699243158102036 
0.4397002436220646 0.3966955304145813 
0.26036134622991086 0.4413504730910063 
0.18099219128489497 0.4413504730910063 
0.26036134622991086 0.22598490864038467 
0.26036134622991086 0.22598490864038467 
0.18099219128489497 0.4413504730910063 
0.18099219128489497 0.22598490864038467 
0.15388433896005155 0.18132761381566526 
0.3160386852920055 0.18132761381566526 
0.15388433896005155 0.43116883002221584 
0.15388433896005155 0.43116883002221584 
0.3160386852920055 0.18132761381566526 
0.3160386852920055 0.43116883002221584 
0.40217732004821305 0.3756429344415665 
0.2515531875193119 0.3756429344415665 
0.40217732004821305 0.19795813374221327 
0.40217732004821305 0.19795813374221327 
0.2515531875193119 0.3756429344415665 
0.2515531875193119 0.19795813374221327 
0.4127110689878464 0.19208185486495497 
0.4738302916288376 0.19208185486495497 
0.4127110689878464 0.3408049624413252 
0.4127110689878464 0.3408049624413252 
0.4738302916288376 0.19208185486495497 
0.4738302916288376 0.3408049624413252 
0.16754320710897447 0.39772532135248184 
0.10936214178800584 0.39772532135248184 
0.16754320710897447 0.2865156825631857 
0.16754320710897447 0.2865156825631857 
0.10936214178800584 0.39772532135248184 
0.10936214178800584 0.2865156825631857 
0.2748517468571663 0.22647234797477722 
0.3944084450602532 0.22647234797477722 
0.2748517468571663 0.48133143931627276 
0.2748517468571663 0.48133143931627276 
0.3944084450602532 0.22647234797477722 
0.3944084450602532 0.48133143931627276 
0.3203088343143463 0.43215854726731784 
0.23568342626094818 0.43215854726731784 
0.3203088343143463 0.13954203724861147 
0.3203088343143463 0.13954203724861147 
0.23568342626094818 0.43215854726731784 
0.23568342626094818 0.13954203724861147 
0.3539039235562086 0.26754868067800996 
0.19278055056929588 0.26754868067800996 
0.3539039235562086 0.15925297476351263 
0.3539039235562086 0.15925297476351263 
0.19278055056929588 0.26754868067800996 
0.19278055056929588 0.15925297476351263 
0.20219302140176298 0.4740161173045635 
0.42790880277752874 0.4740161173045635 
0.20219302140176298 0.41357287056744096 
0.20219302140176298 0.41357287056744096 
0.42790880277752874 0.4740161173045635 
0.42790880277752874 0.41357287056744096 
0.10895231626927854 0.1017862118780613 
0.262955129891634 0.1017862118780613 
0.10895231626927854 0.21872658953070642 
0.10895231626927854 0.21872658953070642 
0.262955129891634 0.1017862118780613 
0.262955129891634 0.21872658953070642 
0.4603663634508849 0.30821091718971727 
0.30463370904326437 0.30821091718971727 
0.4603663634508849 0.3605464108288289 
0.4603663634508849 0.3605464108288289 
0.30463370904326437 0.30821091718971727 
0.30463370904326437 0.3605464108288289 
0.4947589334100485 0.20434386543929578 
0.2791319936513901 0.20434386543929578 
0.4947589334100485 0.4417386434972287 
0.4947589334100485 0.4417386434972287 
0.2791319936513901 0.20434386543929578 
0.2791319936513901 0.4417386434972287 
0.14959483556449416 0.41036574989557273 
0.33765416592359543 0.41036574989557273 
0.14959483556449416 0.187437129765749 
0.14959483556449416 0.187437129765749 
0.33765416592359543 0.41036574989557273 
0.33765416592359543 0.187437129765749 
0.24277602545917035 0.1638197124004364 
0.15243701189756395 0.1638197124004364 
0.24277602545917035 0.3822654340416193 
0.24277602545917035 0.3822654340416193 
0.15243701189756395 0.1638197124004364 
0.15243701189756395 0.3822654340416193 
0.3882369782775641 0.369908743724227 
0.4174986332654953 0.369908743724227 
0.3882369782775641 0.24046385176479818 
0.3882369782775641 0.24046385176479818 
0.4174986332654953 0.369908743724227 
0.4174986332654953 0.24046385176479818 
0.33589036911726 0.12979848422110082 
0.3601901255548 0.12979848422110082 
0.33589036911726 0.25824604779481886 
0.33589036911726 0.25824604779481886 
0.3601901255548 0.12979848422110082 
0.3601901255548 0.25824604779481886 
0.2841832309961319 0.33666875287890435 
0.21909300163388254 0.33666875287890435 
0.2841832309961319 0.31252934336662297 
0.2841832309961319 0.31252934336662297 
0.21909300163388254 0.33666875287890435 
0.21909300163388254 0.31252934336662297 
0.17693724632263186 0.2891457833349705 
0.48387582376599314 0.2891457833349705 
0.17693724632263186 0.11771935634315014 
0.17693724632263186 0.11771935634315014 
0.48387582376599314 0.2891457833349705 
0.48387582376599314 0.11771935634315014 
0.42835515886545183 0.4959489066153765 
0.14855674132704735 0.4959489066153765 
0.42835515886545183 0.45950253568589694 
0.42835515886545183 0.45950253568589694 
0.14855674132704735 0.4959489066153765 
0.14855674132704735 0.45950253568589694 
0.4321991916745901 0.14319210909307004 
0.24014454744756222 0.14319210909307004 
0.4321991916745901 0.3544279176741839 
0.4321991916745901 0.3544279176741839 
0.24014454744756222 0.14319210909307004 
0.24014454744756222 0.3544279176741839 
0.18673897795379163 0.34961837828159337 
0.37976660840213305 0.34961837828159337 
0.18673897795379163 0.2243575755506754 
0.18673897795379163 0.2243575755506754 
0.37976660840213305 0.34961837828159337 
0.37976660840213305 0.2243575755506754 
0.28026511184871195 0.2777042970061302 
0.11657074801623822 0.2777042970061302 
0.28026511184871195 0.4199543870985508 
0.28026511184871195 0.4199543870985508 
0.11657074801623822 0.2777042970061302 
0.11657074801623822 0.4199543870985508 
0.32542994879186155 0.4841732870787382 
0.4502398934215307 0.4841732870787382 
0.32542994879186155 0.15238392874598505 
0.32542994879186155 0.15238392874598505 
0.4502398934215307 0.4841732870787382 
0.4502398934215307 0.15238392874598505 
0.39808677285909655 0.21631483323872092 
0.3211927626281977 0.21631483323872092 
0.39808677285909655 0.14553236030042171 
0.39808677285909655 0.14553236030042171 
0.3211927626281977 0.21631483323872092 
0.3211927626281977 0.14553236030042171 
0.2466696470975876 0.42200251296162605 
0.2612153697758913 0.42200251296162605 
0.2466696470975876 0.47563331238925455 
0.2466696470975876 0.47563331238925455 
0.2612153697758913 0.42200251296162605 
0.2612153697758913 0.47563331238925455 
0.1390848219394684 0.1506748102605343 
0.44801948554813864 0.1506748102605343 
0.1390848219394684 0.2800059884786606 
0.1390848219394684 0.2800059884786606 
0.44801948554813864 0.1506748102605343 
0.44801948554813864 0.2800059884786606 
0.49079274684190755 0.35631977058947084 
0.18128808476030828 0.35631977058947084 
0.49079274684190755 0.34760687202215196 
0.49079274684190755 0.34760687202215196 
0.18128808476030828 0.35631977058947084 
0.18128808476030828 0.34760687202215196 
0.45017305910587313 0.25555177591741085 
0.4067744936794043 0.25555177591741085 
0.45017305910587313 0.4538967579603196 
0.45017305910587313 0.4538967579603196 
0.4067744936794043 0.25555177591741085 
0.4067744936794043 0.4538967579603196 
0.10471518486738206 0.46235646307468414 
0.17329293601214885 0.46235646307468414 
0.10471518486738206 0.1238141879439354 
0.10471518486738206 0.1238141879439354 
0.17329293601214885 0.46235646307468414 
0.17329293601214885 0.1238141879439354 
0.21226490885019303 0.1149540051817894 
0.33670857064425946 0.1149540051817894 
0.21226490885019303 0.31942353509366517 
0.21226490885019303 0.31942353509366517 
0.33670857064425946 0.1149540051817894 
0.33670857064425946 0.31942353509366517 
0.3574319839477539 0.3218258272856474 
0.2965082969516516 0.3218258272856474 
0.3574319839477539 0.2518408905714751 
0.3574319839477539 0.2518408905714751 
0.2965082969516516 0.3218258272856474 
0.2965082969516516 0.2518408905714751 
0.31602363996207716 0.17866229303181172 
0.12571178413927556 0.17866229303181172 
0.31602363996207716 0.24618559256196024 
0.31602363996207716 0.24618559256196024 
0.12571178413927556 0.17866229303181172 
0.12571178413927556 0.24618559256196024 
0.2646088536828757 0.38475280478596685 
0.4918525744229555 0.38475280478596685 
0.2646088536828757 0.3762499503791332 
0.2646088536828757 0.3762499503791332 
0.4918525744229555 0.38475280478596685 
0.4918525744229555 0.3762499503791332 
0.17112086080014705 0.2379367254674435 
0.20526823289692403 0.2379367254674435 
0.17112086080014705 0.18065890856087208 
0.17112086080014705 0.18065890856087208 
0.20526823289692403 0.2379367254674435 
0.20526823289692403 0.18065890856087208 
0.42283102385699756 0.44396010376513007 
0.3654456112533808 0.44396010376513007 
0.42283102385699756 0.44822314418852327 
0.42283102385699756 0.44822314418852327 
0.3654456112533808 0.44396010376513007 
0.3654456112533808 0.44822314418852327 
0.4122714281082154 0.2353853739798069 
0.1599409203976393 0.2353853739798069 
0.4122714281082154 0.2913141373544932 
0.4122714281082154 0.2913141373544932 
0.1599409203976393 0.2353853739798069 
0.1599409203976393 0.2913141373544932 
0.15743633657693865 0.42929944582283497 
0.4201234396547079 0.42929944582283497 
0.15743633657693865 0.33624987788498406 
0.15743633657693865 0.33624987788498406 
0.4201234396547079 0.42929944582283497 
0.4201234396547079 0.33624987788498406 
0.2501933142542839 0.19488525427877904 
0.28353890739381316 0.19488525427877904 
0.2501933142542839 0.13184059783816338 
0.2501933142542839 0.13184059783816338 
0.28353890739381316 0.19488525427877904 
0.28353890739381316 0.13184059783816338 
0.30473326742649076 0.3888664714992046 
0.3496749382466078 0.3888664714992046 
0.30473326742649076 0.4892762638628483 
0.30473326742649076 0.4892762638628483 
0.3496749382466078 0.3888664714992046 
0.3496749382466078 0.4892762638628483 
0.37113970629870896 0.11162165999412538 
0.4788927275687457 0.11162165999412538 
0.37113970629870896 0.4086034130305052 
0.37113970629870896 0.4086034130305052 
0.4788927275687457 0.11162165999412538 
0.4788927275687457 0.4086034130305052 
0.22284746430814267 0.3048215445131064 
0.13867470063269138 0.3048215445131064 
0.22284746430814267 0.1636860813945532 
0.22284746430814267 0.1636860813945532 
0.13867470063269138 0.3048215445131064 
0.13867470063269138 0.1636860813945532 
0.1160318072885275 0.2709937553852797 
0.3520901445299387 0.2709937553852797 
0.1160318072885275 0.36807705610990527 
0.1160318072885275 0.36807705610990527 
0.3520901445299387 0.2709937553852797 
0.3520901445299387 0.36807705610990527 
0.4646146100014449 0.464126493036747 
0.21862672157585622 0.464126493036747 
0.4646146100014449 0.21065960228443148 
0.4646146100014449 0.21065960228443148 
0.21862672157585622 0.464126493036747 
0.21862672157585622 0.21065960228443148 
0.48025713823735716 0.1727327384054661 
0.3933112841099501 0.1727327384054661 
0.48025713823735716 0.19196703881025315 
0.48025713823735716 0.19196703881025315 
0.3933112841099501 0.1727327384054661 
0.3933112841099501 0.19196703881025315 
0.1254243802279234 0.3670496422797441 
0.22659684978425504 0.3670496422797441 
0.1254243802279234 0.4368661791086197 
0.1254243802279234 0.4368661791086197 
0.22659684978425504 0.3670496422797441 
0.22659684978425504 0.4368661791086197 
0.2321805339306593 0.20714726485311985 
0.4634011562913657 0.20714726485311985 
0.2321805339306593 0.2324938487261534 
0.2321805339306593 0.2324938487261534 
0.4634011562913657 0.20714726485311985 
0.4634011562913657 0.2324938487261534 
0.38672273121774203 0.4015069000422955 
0.10340641550719738 0.4015069000422955 
0.38672273121774203 0.3898928727954626 
0.38672273121774203 0.3898928727954626 
0.10340641550719738 0.4015069000422955 
0.10340641550719738 0.3898928727954626 
0.3390647605061531 0.29898123145103456 
0.2743739683181048 0.29898123145103456 
0.3390647605061531 0.30807259008288385 
0.3390647605061531 0.30807259008288385 
0.2743739683181048 0.29898123145103456 
0.2743739683181048 0.30807259008288385 
0.2907748520374298 0.4925595339387655 
0.30803718604147434 0.4925595339387655 
0.2907748520374298 0.26314302459359173 
0.2907748520374298 0.26314302459359173 
0.30803718604147434 0.4925595339387655 
0.30803718604147434 0.26314302459359173 
0.19808044135570527 0.13324355892837048 
0.19484151639044286 0.13324355892837048 
0.19808044135570527 0.46754586733877657 
0.19808044135570527 0.46754586733877657 
0.19484151639044286 0.13324355892837048 
0.19484151639044286 0.46754586733877657 
0.4466654881834984 0.3267791286110878 
0.43446912355721 0.3267791286110878 
0.4466654881834984 0.11011623330414295 
0.4466654881834984 0.11011623330414295 
0.43446912355721 0.3267791286110878 
0.43446912355721 0.11011623330414295 
0.44730596281588075 0.15452698804438114 
0.17776667028665544 0.15452698804438114 
0.44730596281588075 0.4336989037692547 
0.44730596281588075 0.4336989037692547 
0.17776667028665544 0.15452698804438114 
0.17776667028665544 0.4336989037692547 
0.1958879578858614 0.36015821322798736 
0.4429257571697235 0.36015821322798736 
0.1958879578858614 0.1887877680361271 
0.1958879578858614 0.1887877680361271 
0.4429257571697235 0.36015821322798736 
0.4429257571697235 0.1887877680361271 
0.28986651487648485 0.2140272505581379 
0.2545833885669708 0.2140272505581379 
0.28986651487648485 0.39297527112066744 
0.28986651487648485 0.39297527112066744 
0.2545833885669708 0.2140272505581379 
0.2545833885669708 0.39297527112066744 
0.3415735546499491 0.41972561962902544 
0.31300847679376603 0.41972561962902544 
0.3415735546499491 0.23556420989334584 
0.3415735546499491 0.23556420989334584 
0.31300847679376603 0.41972561962902544 
0.31300847679376603 0.23556420989334584 
0.38141826167702675 0.2799815725535154 
0.45920548811554907 0.2799815725535154 
0.38141826167702675 0.26621264666318895 
0.38141826167702675 0.26621264666318895 
0.45920548811554907 0.2799815725535154 
0.45920548811554907 0.26621264666318895 
0.23595740720629693 0.4864612504839897 
0.12398387119174004 0.4864612504839897 
0.23595740720629693 0.31115420162677765 
0.23595740720629693 0.31115420162677765 
0.12398387119174004 0.4864612504839897 
0.12398387119174004 0.31115420162677765 
0.13104668483138085 0.139353284239769 
0.38564152643084526 0.139353284239769 
0.13104668483138085 0.10693617574870587 
0.13104668483138085 0.10693617574870587 
0.38564152643084526 0.139353284239769 
0.38564152643084526 0.10693617574870587 
0.4762108750641346 0.34576581977307796 
0.24444731846451762 0.34576581977307796 
0.4762108750641346 0.46437785290181643 
0.4762108750641346 0.46437785290181643 
0.24444731846451762 0.34576581977307796 
0.24444731846451762 0.46437785290181643 
0.46680456921458247 0.24187435247004033 
0.36895704418420794 0.24187435247004033 
0.46680456921458247 0.33316773883998396 
0.46680456921458247 0.33316773883998396 
0.36895704418420794 0.24187435247004033 
0.36895704418420794 0.33316773883998396 
0.11539042368531227 0.44790840968489654 
0.21032910943031313 0.44790840968489654 
0.11539042368531227 0.2882443752139807 
0.11539042368531227 0.2882443752139807 
0.21032910943031313 0.44790840968489654 
0.21032910943031313 0.2882443752139807 
0.22033928707242012 0.17628926113247873 
0.4985006272792817 0.17628926113247873 
0.22033928707242012 0.4924444243311882 
0.22033928707242012 0.4924444243311882 
0.4985006272792817 0.17628926113247873 
0.4985006272792817 0.4924444243311882 
0.3720500968396664 0.3823660481721163 
0.13393501192331314 0.3823660481721163 
0.3720500968396664 0.13502117693424226 
0.3720500968396664 0.13502117693424226 
0.13393501192331314 0.3823660481721163 
0.13393501192331314 0.13502117693424226 
0.30095386989414696 0.11734114401042461 
0.28750373497605325 0.11734114401042461 
0.30095386989414696 0.16686587370932104 
0.30095386989414696 0.16686587370932104 
0.28750373497605325 0.11734114401042461 
0.28750373497605325 0.16686587370932104 
0.2554968748241663 0.32419923990964894 
0.3292793981730938 0.32419923990964894 
0.2554968748241663 0.41177083440124995 
0.2554968748241663 0.41177083440124995 
0.3292793981730938 0.32419923990964894 
0.3292793981730938 0.41177083440124995 
0.16148321665823462 0.2516030877828598 
0.1674508921802044 0.2516030877828598 
0.16148321665823462 0.20758910104632378 
0.16148321665823462 0.20758910104632378 
0.1674508921802044 0.2516030877828598 
0.1674508921802044 0.20758910104632378 
0.40665117688477037 0.45841845534741876 
0.40248167887330055 0.45841845534741876 
0.40665117688477037 0.3649941302835942 
0.40665117688477037 0.3649941302835942 
0.40248167887330055 0.45841845534741876 
0.40248167887330055 0.3649941302835942 
0.42035877928137777 0.27483295947313313 
0.2221235901117325 0.27483295947313313 
0.42035877928137777 0.12063395157456398 
0.42035877928137777 0.12063395157456398 
0.2221235901117325 0.27483295947313313 
0.2221235901117325 0.12063395157456398 
0.17206589058041571 0.4679763834923506 
0.35715954154729845 0.4679763834923506 
0.17206589058041571 0.45072889849543574 
0.17206589058041571 0.45072889849543574 
0.35715954154729845 0.4679763834923506 
0.35715954154729845 0.45072889849543574 
0.2668133772909641 0.10934553109109402 
0.14533084481954575 0.10934553109109402 
0.2668133772909641 0.2549103099852801 
0.2668133772909641 0.2549103099852801 
0.14533084481954575 0.10934553109109402 
0.14533084481954575 0.2549103099852801 
0.31539553925395014 0.30253167152404786 
0.48710172474384306 0.30253167152404786 
0.31539553925395014 0.3225053731352091 
0.31539553925395014 0.3225053731352091 
0.48710172474384306 0.30253167152404786 
0.48710172474384306 0.3225053731352091 
0.3614906210452319 0.19717550799250605 
0.34068474993109704 0.19717550799250605 
0.3614906210452319 0.3793325275182724 
0.3614906210452319 0.3793325275182724 
0.34068474993109704 0.19717550799250605 
0.34068474993109704 0.3793325275182724 
0.2066546443849802 0.39114298261702063 
0.2761014051735401 0.39114298261702063 
0.2066546443849802 0.24925579875707626 
0.2066546443849802 0.24925579875707626 
0.2761014051735401 0.39114298261702063 
0.2761014051735401 0.24925579875707626 
0.10097500421106816 0.23153510279953482 
0.4142727322876454 0.23153510279953482 
0.10097500421106816 0.4450560715049505 
0.10097500421106816 0.4450560715049505 
0.4142727322876454 0.23153510279953482 
0.4142727322876454 0.4450560715049505 
0.45551407821476464 0.42545985952019694 
0.15566290840506555 0.42545985952019694 
0.45551407821476464 0.1774794112890959 
0.45551407821476464 0.1774794112890959 
0.15566290840506555 0.42545985952019694 
0.15566290840506555 0.1774794112890959 
0.4898455683141947 0.13719262629747392 
0.4309332877397537 0.13719262629747392 
0.4898455683141947 0.2212868478149176 
0.4898455683141947 0.2212868478149176 
0.4309332877397537 0.13719262629747392 
0.4309332877397537 0.2212868478149176 
0.1415565449744463 0.3307144682854414 
0.1897560700774193 0.3307144682854414 
0.1415565449744463 0.35134519450366497 
0.1415565449744463 0.35134519450366497 
0.1897560700774193 0.3307144682854414 
0.1897560700774193 0.35134519450366497 
0.2472987521439791 0.29659523926675324 
0.3014139160513878 0.29659523926675324 
0.2472987521439791 0.15556356608867647 
0.2472987521439791 0.15556356608867647 
0.3014139160513878 0.29659523926675324 
0.3014139160513878 0.15556356608867647 
0.3958846781402826 0.49018421173095705 
0.26617492735385895 0.49018421173095705 
0.3958846781402826 0.4231219872832298 
0.3958846781402826 0.4231219872832298 
0.26617492735385895 0.49018421173095705 
0.26617492735385895 0.4231219872832298 
0.33103806450963025 0.20952296778559687 
0.11238662227988244 0.20952296778559687 
0.33103806450963025 0.47880169935524464 
0.33103806450963025 0.47880169935524464 
0.11238662227988244 0.20952296778559687 
0.11238662227988244 0.47880169935524464 
0.27620595321059227 0.40389327444136147 
0.47080580666661265 0.40389327444136147 
0.27620595321059227 0.14871273674070837 
0.27620595321059227 0.14871273674070837 
0.47080580666661265 0.40389327444136147 
0.47080580666661265 0.14871273674070837 
0.18139896318316462 0.16879701800644398 
0.23246362879872323 0.16879701800644398 
0.18139896318316462 0.3445248879492283 
0.18139896318316462 0.3445248879492283 
0.23246362879872323 0.16879701800644398 
0.23246362879872323 0.3445248879492283 
0.43594180122017867 0.36310019269585614 
0.39762823805212977 0.36310019269585614 
0.43594180122017867 0.2769360475242138 
0.43594180122017867 0.2769360475242138 
0.39762823805212977 0.36310019269585614 
0.39762823805212977 0.2769360475242138 
0.4277252677828074 0.2229402869939804 
0.4888284709304571 0.2229402869939804 
0.4277252677828074 0.18435475379228594 
0.4277252677828074 0.18435475379228594 
0.4888284709304571 0.2229402869939804 
0.4888284709304571 0.18435475379228594 
0.17914012856781483 0.4168665077537298 
0.1287358831614256 0.4168665077537298 
0.17914012856781483 0.4386682569980621 
0.17914012856781483 0.4386682569980621 
0.1287358831614256 0.4168665077537298 
0.1287358831614256 0.4386682569980621 
0.28512962348759174 0.15733040086925032 
0.3686650227755308 0.15733040086925032 
0.28512962348759174 0.2436311047524214 
0.28512962348759174 0.2436311047524214 
0.3686650227755308 0.15733040086925032 
0.3686650227755308 0.2436311047524214 
0.3334194336086512 0.3512993499636651 
0.20204881690442564 0.3512993499636651 
0.3334194336086512 0.3854447301477194 
0.3334194336086512 0.3854447301477194 
0.20204881690442564 0.3512993499636651 
0.20204881690442564 0.3854447301477194 
0.3935762532055378 0.14918872192502022 
0.17026883698999884 0.14918872192502022 
0.3935762532055378 0.3157093785703182 
0.3935762532055378 0.3157093785703182 
0.17026883698999884 0.14918872192502022 
0.17026883698999884 0.3157093785703182 
0.23903415426611901 0.34237645752727985 
0.4097985971719027 0.34237645752727985 
0.23903415426611901 0.2614140875637532 
0.23903415426611901 0.2614140875637532 
0.4097985971719027 0.34237645752727985 
0.4097985971719027 0.2614140875637532 
0.1439859800040722 0.28342663384974004 
0.29972771294415 0.28342663384974004 
0.1439859800040722 0.45643293596804146 
0.1439859800040722 0.45643293596804146 
0.29972771294415 0.28342663384974004 
0.29972771294415 0.45643293596804146 
0.4988188304007054 0.47657163962721827 
0.3334891591221094 0.47657163962721827 
0.4988188304007054 0.1146377194672823 
0.4988188304007054 0.1146377194672823 
0.3334891591221094 0.47657163962721827 
0.3334891591221094 0.1146377194672823 
0.45816257819533346 0.18520229756832124 
0.25818516276776793 0.18520229756832124 
0.45816257819533346 0.28334749676287174 
0.45816257819533346 0.28334749676287174 
0.25818516276776793 0.18520229756832124 
0.25818516276776793 0.28334749676287174 
0.10957967713475228 0.37950693629682064 
0.3242229651659727 0.37950693629682064 
0.10957967713475228 0.33762440569698815 
0.10957967713475228 0.33762440569698815 
0.3242229651659727 0.37950693629682064 
0.3242229651659727 0.33762440569698815 
0.20466600432991983 0.24467776529490948 
0.18451359979808332 0.24467776529490948 
0.20466600432991983 0.14262420162558556 
0.20466600432991983 0.14262420162558556 
0.18451359979808332 0.24467776529490948 
0.18451359979808332 0.14262420162558556 
0.35295815393328667 0.43904954642057425 
0.4447939660400152 0.43904954642057425 
0.35295815393328667 0.48440117910504343 
0.35295815393328667 0.48440117910504343 
0.4447939660400152 0.43904954642057425 
0.4447939660400152 0.48440117910504343 
0.3240498024970293 0.2614385254681111 
0.37673640586435797 0.2614385254681111 
0.3240498024970293 0.41664339713752274 
0.3240498024970293 0.41664339713752274 
0.37673640586435797 0.2614385254681111 
0.37673640586435797 0.41664339713752274 
0.2695099417120218 0.45502909310162065 
0.24317475445568562 0.45502909310162065 
0.2695099417120218 0.16233587823808193 
0.2695099417120218 0.16233587823808193 
0.24317475445568562 0.45502909310162065 
0.24317475445568562 0.16233587823808193 
0.16348535753786564 0.12078620530664921 
0.45346541292965414 0.12078620530664921 
0.16348535753786564 0.35736659318208697 
0.16348535753786564 0.35736659318208697 
0.45346541292965414 0.12078620530664921 
0.45346541292965414 0.35736659318208697 
0.41832054741680624 0.3143096290528774 
0.11334523297846318 0.3143096290528774 
0.41832054741680624 0.2155591905117035 
0.41832054741680624 0.2155591905117035 
0.11334523297846318 0.3143096290528774 
0.11334523297846318 0.2155591905117035 
0.4046847574412823 0.10575931258499623 
0.31125698499381543 0.10575931258499623 
0.4046847574412823 0.4708571910858155 
0.4046847574412823 0.4708571910858155 
0.31125698499381543 0.10575931258499623 
0.31125698499381543 0.4708571910858155 
0.15297468677163126 0.31217334046959877 
0.27115417681634424 0.31217334046959877 
0.15297468677163126 0.1001646175980568 
0.15297468677163126 0.1001646175980568 
0.27115417681634424 0.31217334046959877 
0.27115417681634424 0.1001646175980568 
0.25817064717411997 0.2651371292769909 
0.4314446445554495 0.2651371292769909 
0.25817064717411997 0.30513358078897 
0.25817064717411997 0.30513358078897 
0.4314446445554495 0.2651371292769909 
0.4314446445554495 0.30513358078897 
0.30958553180098536 0.4716182891279459 
0.19786600284278394 0.4716182891279459 
0.30958553180098536 0.27194107584655286 
0.30958553180098536 0.27194107584655286 
0.19786600284278394 0.4716182891279459 
0.19786600284278394 0.27194107584655286 
0.3634919751435518 0.22886979542672636 
0.22981664128601553 0.22886979542672636 
0.3634919751435518 0.2291520066559315 
0.3634919751435518 0.2291520066559315 
0.22981664128601553 0.22886979542672636 
0.22981664128601553 0.2291520066559315 
0.21832480169832708 0.43456971645355225 
0.39009148515760905 0.43456971645355225 
0.21832480169832708 0.39987500533461573 
0.21832480169832708 0.39987500533461573 
0.39009148515760905 0.43456971645355225 
0.39009148515760905 0.39987500533461573 
0.1240701500326395 0.18811981230974198 
0.10038192905485631 0.18811981230974198 
0.1240701500326395 0.19487553127110005 
0.1240701500326395 0.19487553127110005 
0.10038192905485631 0.18811981230974198 
0.10038192905485631 0.19487553127110005 
0.46952793188393116 0.39375260286033154 
0.4664256352931261 0.39375260286033154 
0.46952793188393116 0.42809864617884164 
0.46952793188393116 0.42809864617884164 
0.4664256352931261 0.39375260286033154 
0.4664256352931261 0.42809864617884164 
0.48510946370661256 0.2930090207606554 
0.14190060310065747 0.2930090207606554 
0.48510946370661256 0.3717908788472414 
0.48510946370661256 0.3717908788472414 
0.14190060310065747 0.2930090207606554 
0.14190060310065747 0.3717908788472414 
0.13340163715183737 0.499825880676508 
0.4756668325513601 0.499825880676508 
0.13340163715183737 0.20108607150614263 
0.13340163715183737 0.20108607150614263 
0.4756668325513601 0.499825880676508 
0.4756668325513601 0.20108607150614263 
0.2277188438922167 0.12749679610133172 
0.21559613905847075 0.12749679610133172 
0.2277188438922167 0.406067568808794 
0.2277188438922167 0.406067568808794 
0.21559613905847075 0.12749679610133172 
0.21559613905847075 0.406067568808794 
0.3791360620409251 0.33435637392103673 
0.3551207344979048 0.33435637392103673 
0.3791360620409251 0.17286288365721703 
0.3791360620409251 0.17286288365721703 
0.3551207344979048 0.33435637392103673 
0.3551207344979048 0.17286288365721703 
0.3439780987799168 0.16613171063363552 
0.42334933467209346 0.16613171063363552 
0.3439780987799168 0.1281450863927603 
0.3439780987799168 0.1281450863927603 
0.42334933467209346 0.16613171063363552 
0.42334933467209346 0.1281450863927603 
0.2988131694495678 0.37221004962921145 
0.1567150179296732 0.37221004962921145 
0.2988131694495678 0.49883148483932016 
0.2988131694495678 0.49883148483932016 
0.1567150179296732 0.37221004962921145 
0.1567150179296732 0.49883148483932016 
0.19355769380927088 0.2004672721028328 
0.3466443482786417 0.2004672721028328 
0.19355769380927088 0.2938682913780213 
0.19355769380927088 0.2938682913780213 
0.3466443482786417 0.2004672721028328 
0.3466443482786417 0.2938682913780213 
0.4390178091824055 0.4065028946846724 
0.2865694899111986 0.4065028946846724 
0.4390178091824055 0.32705476433038716 
0.4390178091824055 0.32705476433038716 
0.2865694899111986 0.4065028946846724 
0.2865694899111986 0.32705476433038716 
