#main.py
# GMT Fri Sep 27 13:52:25 2024
# 
0 1 99 2 3 97 4 5 95 6 7 8 92 9 91 10 90 64
1 2 3 99 4 98 5 97 6 96 7 95 8 94 93 10 92 11 62
2 3 4 5 99 98 7 97 8 96 10 94 11 93 12 92 84 15 79
3 4 5 6 7 99 8 98 9 97 10 11 95 12 94 13 93 58
4 5 6 8 9 99 98 11 97 12 96 13 95 94 19 27 92
5 6 7 8 9 10 11 99 12 98 13 97 14 96 15 95 87
6 8 9 10 11 99 14 98 15 97 16 96 18 63 34 49 77
7 9 10 12 13 14 15 98 17 97 19 49 52 88
8 9 10 11 12 13 14 16 17 99 18 88 45 96 31
9 11 12 13 14 15 16 17 18 19 99 93 49 81
10 11 12 13 14 15 16 17 18 19 20
11 13 14 15 16 17 19 20 21 70 74 57
12 13 14 15 17 18 19 20 21 22 75 39
13 14 15 16 17 18 19 20 21 22 23
14 17 18 19 20 21 22 23 24 95 75
15 16 17 18 19 20 21 22 23 24 25
16 17 18 19 20 21 22 23 24 25 26 29 56
17 18 19 20 21 22 23 24 25 26 27
18 19 20 21 22 23 24 25 26 27 28
19 20 21 22 24 25 26 27 28 29 69
20 21 22 23 24 25 26 27 28 29 30 75
21 22 23 24 25 26 27 28 29 30 71
22 23 24 25 26 28 29 31 32 39 40
23 24 25 26 27 28 29 30 31 66 62
24 25 26 27 28 29 30 31 32 33 34 77
25 28 29 30 31 32 33 34 35 80 82
26 27 28 29 30 31 33 35 36 58 93 87
27 28 29 31 32 33 34 35 36 37 73
28 29 30 31 32 33 34 35 36 38 53
29 31 32 34 35 36 37 38 39 54 42 74
30 31 32 33 34 35 36 37 38 39 40
31 32 33 34 35 36 37 38 40 55 79 62
32 33 34 35 36 37 38 39 40 41 42 87 73
33 34 35 36 37 38 39 40 42 43 96 84 95 93
34 35 36 38 39 40 41 42 43 44 65 46
35 36 37 38 39 40 41 42 43 44 45 91
36 37 38 39 40 42 43 44 45 46 54
37 38 39 40 43 44 45 46 47 72 78 94
38 39 40 41 42 43 44 45 46 47 69 72
39 40 41 43 46 47 48 49 85 42 64 93
40 41 42 43 45 46 47 48 49 50 87
41 42 43 45 46 47 48 49 50 51 75 73 63
42 43 44 45 46 47 48 49 51 52
43 44 45 46 47 48 49 50 51 52 53
44 46 47 48 49 50 51 52 53 54 71
45 46 47 48 49 50 51 52 53 54 55
46 47 48 49 50 51 52 53 54 55
47 48 49 50 51 52 53 54 55 56 57 84
48 49 50 51 52 53 54 56 57 58 82 61
49 50 51 52 53 55 57 58 59 94 99
50 51 52 53 54 55 56 57 58 59 60 84
51 52 53 54 55 56 57 58 59 60 61
52 53 54 55 56 57 58 59 61 62 82
53 54 55 56 57 58 59 60 61 62 63
54 55 56 57 58 60 61 62 63 87 95
55 56 58 59 60 61 62 63 65 96 77 98
56 57 58 59 60 61 62 63 65 66 76
57 58 59 60 61 62 63 64 65 66 67 86
58 59 62 63 64 65 67 68 79
59 60 61 62 63 64 65 66 67 68 69
60 61 62 63 64 65 66 68 69 70 72
61 62 63 64 65 66 67 68 69 70 71
62 63 64 65 66 67 68 69 70 71
63 64 66 69 70 72 73 81 96
64 65 67 68 69 70 72 73 74 98
65 66 69 70 71 72 73 74 75 81
66 67 68 69 70 71 72 73 74 75 76
67 68 69 70 71 72 73 74 75 76 77
68 69 70 71 72 73 74 75 76 77 78
69 70 71 72 74 75 76 77 78 79
70 71 72 73 74 75 76 77 78 80 90
71 72 73 74 75 76 77 78 79 80 81 85
72 73 74 75 76 77 78 79 80 81 82
73 74 75 76 77 78 79 80 81 82
74 75 76 77 78 79 81 82 83 91
75 77 78 79 80 81 82 84 85 98
76 77 78 79 80 81 82 83 85 86
77 78 79 80 81 83 84 85 87
78 79 80 81 82 83 84 85 86 87 88
79 80 81 82 83 84 85 86 87
80 81 82 83 84 85 86 87 88 89 90
81 82 83 84 85 86 87 88 90 91
82 83 85 86 87 88 90 91 92 99
83 84 85 86 87 88 89 90 91 92 93
84 85 87 89 91 92 93 94 97
85 86 87 88 89 90 91 92 93 95
86 87 88 89 91 92 93 94 95 96
87 88 89 90 91 92 94 95 96
88 89 90 91 92 93 95 96 97 98
89 90 91 92 93 94 95 96 97 98 99
90 91 92 93 94 95 96 97 98 99
91 92 93 94 96 97 98 99
92 93 94 95 96 97 98 99
93 94 95 96 97 98 99
94 95 96 97 99
95 96 97 98 99
96 97 98 99
97 99
98 99
99
