0 1 2 3 4 5 6 7 8 9 10 11 12 14 16 17 18 19 20 22 23 24 25 29 30 32 35 36 37 39 42 48 51 55 59 62
1 0 9 10 11 12 13 14 15 16 17 19 20 21 23 24 25 26 27 29 32 33 34 37 39 40 41 44 46
2 0 9 10 11 12 13 17 24 26 28 31 33 35 41 42
3 0 9 10 11 12 14 15 16 17 21 22 25 27 33 36 38 43 54 55 63
4 0 9 12 13 14 15 16 18 20 30 34 35 37 42 49 50 57 60
5 0 9 10 20 24 38 43 46
6 0 9 10 11 37 38 41 63
7 0 9 10 11 15 19 23 25 28 38 45 49 52 55
8 0 11 13 15 17 21 26 58
9 0 1 2 3 4 5 6 7 10 12 13 14 16 17 18 19 23 24 26 29 30 31 32 33 34 45 46 47 49 50 52 53 56 59
10 0 1 2 3 5 6 7 9 11 12 13 14 15 16 17 18 21 23 24 27 29 33 35 36 38 40 41 42 43 44 46 48 51 59 62
11 0 1 2 3 6 7 8 10 12 13 14 19 22 23 27 28 34 48 52 53 58 60 62
12 0 1 2 3 4 9 10 11 13 14 15 16 17 19 22 26 31 32 40 42 43 45 47 49 50 60 61
13 1 2 4 8 9 10 11 12 18 19 22 23 28 30 33 41 47 49 51 57 58 62 63
14 0 1 3 4 9 10 11 12 15 16 18 21 25 29 30 31 32 36 38 40 42 44 45 46 48 49 54 60 62
15 1 3 4 7 8 10 12 14 19 20 21 24 25 27 28 29 32 34 36 38 42 45 52 54 55 56 57 63
16 0 1 3 4 9 10 12 14 18 20 21 22 25 27 28 35 39 40 45 47
17 0 1 2 3 8 9 10 12 18 21 37 39 40 41 43 44 45 56
18 0 4 9 10 13 14 16 17 20 22 23 24 27 57 59
19 0 1 7 9 11 12 13 15 20 22 30 39 60
20 0 1 4 5 15 16 18 19 26 30 34 36 46 47 51 54 55 59
21 1 3 8 10 14 15 16 17 26 27 31 51 55 57
22 0 3 11 12 13 16 18 19 26 28 30 37 47 48
23 0 1 7 9 10 11 13 18 25 29 31 36 44 46 59 61 63
24 0 1 2 5 9 10 15 18 33 35 40 41 42 49 51
25 0 1 3 7 14 15 16 23 28 31 41 48
26 1 2 8 9 12 20 21 22 32 33 34 35 45 54
27 1 3 10 11 15 16 18 21 35 37 39 44 47 53 55 59 62
28 2 7 11 13 15 16 22 25 29 37 47 53 56 58
29 0 1 9 10 14 15 23 28 34 40 53
30 0 4 9 13 14 19 20 22 31 36 39 44
31 2 9 12 14 21 23 25 30 32 43 46 54
32 0 1 9 12 14 15 26 31 50 61
33 1 2 3 9 10 13 24 26 48 53 55 57 61
34 1 4 9 11 15 20 26 29 39 54 60
35 0 2 4 10 16 24 26 27 43 49 50 51 52 56 62
36 0 3 10 14 15 20 23 30
37 0 1 4 6 17 22 27 28 38 56 57 59 60 63
38 3 5 6 7 10 14 15 37
39 0 1 16 17 19 27 30 34 61
40 1 10 12 14 16 17 24 29 48 50 57 58
41 1 2 6 10 13 17 24 25
42 0 2 4 10 12 14 15 24 43
43 3 5 10 12 17 31 35 42 44 63
44 1 10 14 17 23 27 30 43 50 60
45 7 9 12 14 15 16 17 26
46 1 5 9 10 14 20 23 31 50 52 56 58
47 9 12 13 16 20 22 27 28 52 58
48 0 10 11 14 22 25 33 40 58
49 4 7 9 12 13 14 24 35 56 61
50 4 9 12 32 35 40 44 46 51 52 53 54
51 0 10 13 20 21 24 35 50
52 7 9 11 15 35 46 47 50 53 61 63
53 9 11 27 28 29 33 50 52 61
54 3 14 15 20 26 31 34 50
55 0 3 7 15 20 21 27 33
56 9 15 17 28 35 37 46 49
57 4 13 15 18 21 33 37 40 62
58 8 11 13 28 40 46 47 48
59 0 9 10 18 20 23 27 37
60 4 11 12 14 19 34 37 44
61 12 23 32 33 39 49 52 53
62 0 10 11 13 14 27 35 57
63 3 6 13 15 23 37 43 52
