0 1 63 2 62 3 61 4 60
1 0 63 4 62 5 61 35 40 47
2 0 3 4 5 63 6 62 14
3 0 2 4 5 6 7 63
4 0 1 2 3 5 6 7 8 62
5 1 2 3 4 6 7 8 9
6 2 3 4 5 7 8 9 10
7 3 4 5 6 8 9 10 18 61
8 4 5 6 7 10 11 12 27 58 13
9 5 6 7 10 11 12 13
10 6 7 8 9 11 12 13 14
11 8 9 10 12 13 14 15
12 8 9 10 11 13 14 15 36 46 23
13 8 9 10 11 12 14 15 16
14 2 10 11 12 13 15 16 18
15 11 12 13 14 16 17 18 19
16 13 14 15 17 18 19 20
17 15 16 18 19 20 21
18 7 14 15 16 17 19 20 22
19 15 16 17 18 20 21 22 23
20 16 17 18 19 21 22 23 24
21 17 19 20 22 23 24 25 52
22 18 19 20 21 23 24 26 37 30
23 12 19 20 21 22 24 25 26 27
24 20 21 22 23 25 26 27 28
25 21 23 24 26 27 28 29
26 22 23 24 25 27 28 29 30
27 8 23 24 25 26 28 29 30 31 36
28 24 25 26 27 29 30 31 32
29 25 26 27 28 31 32 33 58 39
30 22 26 27 28 31 32 33 34
31 27 28 29 30 32 33 34 35 40
32 28 29 30 31 33 34 36 55
33 29 30 31 32 34 35 36 58
34 30 31 32 33 35 36 37 38
35 1 31 33 34 36 37 38 39
36 12 27 32 33 34 35 37 38
37 22 34 35 36 38 41 43
38 34 35 36 37 39 40 41 42 48
39 29 35 38 41 42 43
40 1 31 38 41 42 43
41 37 38 39 40 42 43 44 45
42 38 39 40 41 43 44 45 46
43 37 39 40 41 42 44 45 46 47
44 41 42 43 45 46 47 48
45 41 42 43 44 46 47 48 49
46 12 42 43 44 45 47 48 50
47 1 43 44 45 46 48 49 51
48 38 44 45 46 47 49 50 51 55
49 45 47 48 50 51 52 53 56
50 46 48 49 51 52 53 54
51 47 48 49 50 52 53 54 55
52 21 49 50 51 54 55 56
53 49 50 51 54 55 56 57
54 50 51 52 53 55 56 57 58
55 32 48 51 52 53 54 56 57 59
56 49 52 53 54 55 57 58 60
57 53 54 55 56 58 59 60 61
58 8 29 33 54 56 57 59 61 62
59 55 57 58 60 61 62 63
60 0 56 57 59 61 62 63
61 0 1 7 57 58 59 60 62 63
62 0 1 2 4 58 59 60 61
63 0 1 2 3 59 60 61
