0 1 63 2 62
1 0 63 35 40
2 0 3 4
3 2 4 5
4 2 3 5 6 62
5 3 4 6 7
6 4 5 7 8
7 5 6 8 9
8 6 7 10 11 60
9 7 10 11
10 8 9 11 12
11 8 9 10 13 25
12 10 13 14
13 11 12 14 15
14 12 13 15 16
15 13 14 16 17
16 14 15 17 18
17 15 16 18 19
18 16 17 19 20
19 17 18 20 21
20 18 19 21 22
21 19 20 22 23 52
22 20 21 23 24
23 21 22 24 25
24 22 23 25 26
25 11 23 24 26 27
26 24 25 27 28
27 25 26 28 29
28 26 27 29 30
29 27 28 31 58 39
30 28 31 32
31 29 30 32 33
32 30 31 33 34
33 31 32 34 35 37
34 32 33 35 36
35 1 33 34 36 37
36 34 35 37 38
37 33 35 36 38
38 36 37 39 40
39 29 38 41
40 1 38 41 42
41 39 40 42 43
42 40 41 43 44
43 41 42 44 45
44 42 43 45 46
45 43 44 46 47
46 44 45 47 48
47 45 46 48 49
48 46 47 49 50
49 47 48 50 51
50 48 49 51 52
51 49 50 52 53
52 21 50 51 54
53 51 54 55
54 52 53 55 56
55 53 54 56 57
56 54 55 57 58
57 55 56 58 59
58 29 56 57 59 60
59 57 58 60 61
60 8 58 59 61
61 59 60 62 63
62 0 4 61
63 0 1 61
