0 1 63 62 3 61 4 5 59 6 58 7 57 40 55
1 0 3 63 4 62 5 6 60 7 59 8 58 35 47
2 3 4 5 63 6 62 7 61 8 60 9 59 13
3 0 1 2 4 5 6 7 63 8 62 61 10 60 25
4 0 1 2 3 5 6 7 8 63 10 62 11 61 19
5 0 1 2 3 4 6 7 8 9 10 63 12 62 42
6 0 1 2 3 4 5 7 8 9 10 11 12 13
7 0 1 2 3 4 5 6 8 9 10 12 13 14 17 61
8 1 2 3 4 5 6 7 10 11 12 13 14 15 27 57
9 2 5 6 7 10 11 12 13 14 15 16
10 3 4 5 6 7 8 9 11 12 13 14 15 16 17 18
11 4 6 8 9 10 12 13 14 15 16 17 18
12 5 6 7 8 9 10 11 13 14 15 17 18 19 35 23
13 2 6 7 8 9 10 11 12 14 15 18 19 20 36 30 45
14 7 8 9 10 11 12 13 15 16 17 18 19 20 21
15 8 9 10 11 12 13 14 16 17 18 19 20 21 22
16 9 10 11 14 15 17 18 19 20 21 22 23 34
17 7 10 11 12 14 15 16 18 19 21 22 23 24
18 10 11 12 13 14 15 16 17 19 20 21 23 24 25
19 4 12 13 14 15 16 17 18 20 21 22 23 24 25 26 27
20 13 14 15 16 18 19 21 22 23 24 25 26 27
21 14 15 16 17 18 19 20 22 23 25 26 27 28 52 30
22 15 16 17 19 20 21 23 24 25 26 27 28 29 36
23 12 16 17 18 19 20 21 22 24 25 26 27 28 29 30
24 17 18 19 20 22 23 25 26 27 28 29 30 31 44
25 3 18 19 20 21 22 23 24 26 27 28 29 30 31 32
26 19 20 21 22 23 24 25 27 28 29 30 31 32 33
27 8 19 20 21 22 23 24 25 26 28 29 30 31 32 33
28 21 22 23 24 25 26 27 29 30 31 32 34 35 42
29 22 23 24 25 26 27 28 31 32 33 34 35 36 58 39
30 13 21 23 24 25 26 27 28 31 32 33 34 35 36 37 38
31 24 25 26 27 28 29 30 32 33 36 37 55 58 42 52
32 25 26 27 28 29 30 31 33 34 35 36 37 38 39
33 26 27 29 30 31 32 34 35 36 37 38 39 40 53
34 16 28 29 30 32 33 35 36 37 39 40 53
35 1 12 28 29 30 32 33 34 36 37 39 40 41 42 60 47
36 13 22 29 30 31 32 33 34 35 37 40 41 42 43
37 30 31 32 33 34 35 36 38 39 40 41 43 44 60
38 30 32 33 37 39 40 41 42 43 48
39 29 32 33 34 35 37 38 41 42 43 44 45 46
40 0 33 34 35 36 37 38 41 42 43 44 45 46 47 62
41 35 36 37 38 39 40 42 43 44 45 46 47 48
42 5 28 31 35 36 38 39 40 41 43 44 45 46 47 49 61
43 36 37 38 39 40 41 42 44 45 46 47 48 49 50
44 24 37 39 40 41 42 43 45 46 47 48 50 51
45 13 39 40 41 42 43 44 46 47 48 50 51 52
46 39 40 41 42 43 44 45 47 48 49 50 51 52 53
47 1 35 40 41 42 43 44 45 46 48 49 51 53 54
48 38 41 43 44 45 46 47 49 50 51 52 53 54 55
49 42 43 46 47 48 50 51 52 53 54 55 56
50 43 44 45 46 48 49 51 52 53 54 55 56 57
51 44 45 46 47 48 49 50 52 53 54 55 56 57 58
52 21 31 45 46 48 49 50 51 54 55 56 57 58 59
53 33 34 46 47 48 49 50 51 54 55 56 57 59 60
54 47 48 49 50 51 52 53 55 56 57 58 59 60 61 63
55 0 31 48 49 50 51 52 53 54 56 57 59 60 61 62
56 49 50 51 52 53 54 55 57 58 59 60 61 62 63
57 0 8 50 51 52 53 54 55 56 58 60 61 62 63
58 0 1 29 31 51 52 54 56 57 59 60 61 62 63
59 0 1 2 52 53 54 55 56 58 60 61 62 63
60 1 2 3 35 37 53 54 55 56 57 58 59 61 62 63
61 0 2 3 4 7 42 54 55 56 57 58 59 60 62 63
62 0 1 2 3 4 5 40 55 56 57 58 59 60 61
63 0 1 2 3 4 5 54 56 57 58 59 60 61
