0 1 63 2 62 3 61 4 60 59 42
1 0 63 4 62 5 61 6 60 35 40 47
2 0 3 4 5 63 6 7 61 14
3 0 2 4 5 6 7 63 8 62
4 0 1 2 3 5 6 7 8 9 63 62
5 1 2 3 4 6 7 8 9 10
6 1 2 3 4 5 7 8 9 10 11
7 2 3 4 5 6 8 9 10 18 61 19
8 3 4 5 6 7 10 11 12 13 27 58
9 4 5 6 7 10 11 12 13 14
10 5 6 7 8 9 11 12 13 14 15 18
11 6 8 9 10 12 13 14 15 16
12 8 9 10 11 13 14 15 17 36 46 23
13 8 9 10 11 12 14 15 16 18 30
14 2 9 10 11 12 13 15 16 18 19
15 10 11 12 13 14 16 17 18 19 20
16 11 13 14 15 17 18 19 20 21
17 12 15 16 18 19 20 21 22
18 7 10 13 14 15 16 17 19 20 23
19 7 14 15 16 17 18 20 21 22 23 24
20 15 16 17 18 19 21 22 23 24 25
21 16 17 19 20 22 23 24 25 26 52
22 17 19 20 21 23 24 26 27 37 30
23 12 18 19 20 21 22 24 25 26 27 28
24 19 20 21 22 23 25 26 27 28 29 47
25 20 21 23 24 26 27 28 29 30
26 21 22 23 24 25 27 28 29 30 31
27 8 22 23 24 25 26 28 29 30 31 32 34
28 23 24 25 26 27 29 30 31 32 33
29 24 25 26 27 28 31 32 33 34 58 39
30 13 22 25 26 27 28 31 32 33 34 35
31 26 27 28 29 30 32 33 34 58 38 42
32 27 28 29 30 31 33 34 36 37 55
33 28 29 30 31 32 34 35 36 37 38 56
34 27 29 30 31 32 33 35 36 37 39
35 1 30 33 34 36 37 38 39 40 50
36 12 32 33 34 35 37 38 40 41
37 22 32 33 34 35 36 38 41 42 43
38 31 33 35 36 37 39 40 41 43 46
39 29 34 35 38 41 42 43 44
40 1 35 36 38 41 42 43 44 60
41 36 37 38 39 40 42 43 44 45 46
42 0 31 37 39 40 41 43 44 45 46 47
43 37 38 39 40 41 42 44 45 46 47 48
44 39 40 41 42 43 45 46 47 48 49
45 41 42 43 44 46 47 48 49 50
46 12 38 41 42 43 44 45 47 48 51
47 1 24 42 43 44 45 46 48 49 51
48 43 44 45 46 47 49 50 51 52 53 55
49 44 45 47 48 50 51 52 53 54 56
50 35 45 48 49 51 52 53 54
51 46 47 48 49 50 52 53 54 55 56
52 21 48 49 50 51 54 55 56 57
53 48 49 50 51 54 55 56 57 58
54 49 50 51 52 53 55 56 57 58 59 62
55 32 48 51 52 53 54 56 57 59 60
56 33 49 51 52 53 54 55 57 58 60
57 52 53 54 55 56 58 59 60 61 62
58 8 29 31 53 54 56 57 59 61 62 63
59 0 54 55 57 58 60 61 62 63
60 0 1 40 55 56 57 59 61 62 63
61 0 1 2 7 57 58 59 60 62 63
62 0 1 3 4 54 57 58 59 60 61
63 0 1 2 3 4 58 59 60 61
