0 1 63 62 3 61 4 5 59 6 58 40 54
1 0 3 63 4 62 5 61 6 60 7 59 35 46
2 3 4 5 63 6 62 7 61 60 13 25
3 0 1 2 4 5 6 7 63 62 9 61 19
4 0 1 2 3 5 6 7 8 9 63 62 42
5 0 1 2 3 4 6 7 8 9 10 11 63
6 0 1 2 3 4 5 7 8 9 11 12 61
7 1 2 3 4 5 6 8 9 10 11 12 13 17
8 4 5 6 7 10 11 12 13 14 27 57
9 3 4 5 6 7 10 11 12 13 14 15
10 5 7 8 9 11 12 13 14 15 16 17
11 5 6 7 8 9 10 12 13 14 16 17 23
12 6 7 8 9 10 11 13 14 15 17 18 35 45 30
13 2 7 8 9 10 11 12 14 15 17 18 19 44
14 8 9 10 11 12 13 15 16 17 18 19 20
15 9 10 12 13 14 16 17 18 19 20 21
16 10 11 14 15 17 18 19 20 21 22 33
17 7 10 11 12 13 14 15 16 18 19 22 23
18 12 13 14 15 16 17 19 20 21 22 23 24
19 3 13 14 15 16 17 18 20 21 22 23 24 25
20 14 15 16 18 19 21 22 23 24 25 26
21 15 16 18 19 20 22 23 25 26 27 52 30
22 16 17 18 19 20 21 23 24 25 26 27 28 36
23 11 17 18 19 20 21 22 24 25 26 27 28 29
24 18 19 20 22 23 25 26 27 28 29 30 43
25 2 19 20 21 22 23 24 26 27 28 29 30 31
26 20 21 22 23 24 25 27 28 29 30 31 32
27 8 21 22 23 24 25 26 28 29 30 31 33 42
28 22 23 24 25 26 27 29 30 31 32 33 34
29 23 24 25 26 27 28 31 32 33 34 35 58 39
30 12 21 24 25 26 27 28 31 32 33 35 36 58 37
31 25 26 27 28 29 30 32 33 35 36 37 55 41
32 26 28 29 30 31 33 34 35 36 37 38
33 16 27 28 29 30 31 32 34 35 36 38 39 52
34 28 29 32 33 35 36 37 38 39 40
35 1 12 29 30 31 32 33 34 36 37 39 40 41 59 46
36 22 30 31 32 33 34 35 37 40 42 43 60
37 30 31 32 34 35 36 38 39 40 41 42
38 32 33 34 37 39 40 41 42 43 44
39 29 33 34 35 37 38 41 42 43 44 45
40 0 34 35 36 37 38 41 42 43 44 45 46 62
41 31 35 37 38 39 40 42 43 44 45 46
42 4 27 36 37 38 39 40 41 43 44 45 46 47 48 60
43 24 36 38 39 40 41 42 44 45 46 47 49
44 13 38 39 40 41 42 43 45 46 47 49 50
45 12 39 40 41 42 43 44 46 47 49 50 51
46 1 35 40 41 42 43 44 45 47 48 50 52
47 42 43 44 45 46 48 49 50 51 52 53
48 42 46 47 49 50 51 52 53 54
49 43 44 45 47 48 50 51 52 53 54 55
50 44 45 46 47 48 49 51 52 53 54 55 56
51 45 47 48 49 50 52 53 54 55 56 57
52 21 33 46 47 48 49 50 51 54 55 56 58
53 47 48 49 50 51 54 55 56 57 58 59
54 0 48 49 50 51 52 53 55 56 58 59 60
55 31 49 50 51 52 53 54 56 57 58 59 60 61
56 50 51 52 53 54 55 57 58 59 60 61 62
57 8 51 53 55 56 58 60 61 62 63
58 0 29 30 52 53 54 55 56 57 59 60 61 62 63
59 0 1 35 53 54 55 56 58 60 61 62
60 1 2 36 42 54 55 56 57 58 59 61 62 63
61 0 1 2 3 6 55 56 57 58 59 60 62 63
62 0 1 2 3 4 40 56 57 58 59 60 61
63 0 1 2 3 4 5 57 58 60 61
