0 1 63
1 0 35
2 3
3 2 4
4 3 5 62
5 4 6
6 5 7
7 6 8
8 7 11
9 10
10 9 11
11 8 10 25
12 13
13 12 14
14 13 15
15 14 16
16 15 17
17 16 18
18 17 19
19 18 20
20 19 21
21 20 22 52
22 21 23
23 22 24
24 23 25
25 11 24 26
26 25 27
27 26 28
28 27 29
29 28 58 39
30 31
31 30 32
32 31 33
33 32 34
34 33 35
35 1 34 36
36 35 37
37 36 38
38 37 39
39 29 38
40 41
41 40 42
42 41 43
43 42 44
44 43 45
45 44 46
46 45 47
47 46 48
48 47 49
49 48 50
50 49 51
51 50 52
52 21 51
53 54
54 53 55
55 54 56
56 55 57
57 56 58
58 29 57 59
59 58 60
60 59 61
61 60 62
62 4 61
63 0
