0 1 63 62 3 61 4 60 5 59 6 58 7 57 8 56 40 55
1 0 3 63 4 62 5 61 6 60 59 8 9 57 35 47 25 43
2 3 4 5 63 6 62 61 8 60 9 59 10 58 13 19
3 0 1 2 4 5 6 7 63 8 62 61 10 60 11 59 42
4 0 1 2 3 5 6 7 8 9 63 10 62 11 61 12 60
5 0 1 2 3 4 6 7 8 9 10 11 63 12 62 13 61
6 0 1 2 3 4 5 7 8 9 10 11 12 13 63 14 62
7 0 3 4 5 6 8 9 10 12 13 14 15 17 61
8 0 1 2 3 4 5 6 7 10 11 12 13 14 15 27 57 44
9 1 2 4 5 6 7 10 11 12 13 14 15 16 17
10 2 3 4 5 6 7 8 9 11 12 13 14 15 16 17 31
11 3 4 5 6 8 9 10 12 13 14 15 16 17 18 19
12 4 5 6 7 8 9 10 11 13 14 15 17 18 19 35 23 31 30
13 2 5 6 7 8 9 10 11 12 14 15 18 19 20 21 36 30 43
14 6 7 8 9 10 11 12 13 15 16 17 18 19 20 21 22
15 7 8 9 10 11 12 13 14 16 17 18 19 20 21 22 23
16 9 10 11 14 15 17 18 19 20 21 22 23 24 32
17 7 9 10 11 12 14 15 16 18 19 21 22 23 24 25 58
18 11 12 13 14 15 16 17 19 20 21 23 24 25 26 53
19 2 11 12 13 14 15 16 17 18 20 21 22 23 24 25 26 27
20 13 14 15 16 18 19 21 22 23 24 25 26 27 28
21 13 14 15 16 17 18 19 20 22 23 25 26 27 28 29 52 30
22 14 15 16 17 19 20 21 23 24 25 26 27 28 29 30 36
23 12 15 16 17 18 19 20 21 22 24 25 26 27 28 29 31 49
24 16 17 18 19 20 22 23 25 26 27 28 29 30 31 32 42
25 1 17 18 19 20 21 22 23 24 26 27 28 29 30 31 32 33
26 18 19 20 21 22 23 24 25 27 28 29 30 32 42 52 39
27 8 19 20 21 22 23 24 25 26 28 29 30 31 32 33 34 35
28 20 21 22 23 24 25 26 27 29 30 31 32 33 34 35 36
29 21 22 23 24 25 26 27 28 31 32 33 34 35 37 58 39 53
30 12 13 21 22 24 25 26 27 28 31 32 33 34 35 36 37 38
31 10 12 23 24 25 27 28 29 30 32 33 36 37 38 39 55 63
32 16 24 25 26 27 28 29 30 31 33 34 35 37 38 39 40
33 25 27 28 29 30 31 32 34 35 36 37 38 39 41 51 48
34 27 28 29 30 32 33 35 36 37 38 39 40 41 42
35 1 12 27 28 29 30 32 33 34 36 37 39 41 42 43 58 60 45
36 13 22 28 30 31 33 34 35 37 40 41 43 44 39
37 29 30 31 32 33 34 35 36 38 39 40 41 42 43 44 45
38 30 31 32 33 34 37 39 40 41 42 43 44 45 46
39 26 29 31 32 33 34 35 36 37 38 41 42 43 44 46 47 60
40 0 32 34 36 37 38 41 42 43 44 45 46 47 48 62
41 33 34 35 36 37 38 39 40 42 43 44 45 46 47 48 54
42 3 24 26 34 35 37 38 39 40 41 43 44 45 46 48 49 50 59
43 1 13 35 36 37 38 39 40 41 42 44 45 46 48 49 50
44 8 36 37 38 39 40 41 42 43 45 46 47 48 49 50 51 52
45 35 37 38 40 41 42 43 44 46 47 48 49 51 52 53
46 38 39 40 41 42 43 44 45 47 48 49 50 51 52 53 54
47 1 39 40 41 44 45 46 48 49 51 52 53 54 55
48 33 40 41 42 43 44 45 46 47 49 50 51 52 53 54 55 56
49 23 42 43 44 45 46 47 48 50 51 52 53 54 55 56 57
50 42 43 44 46 48 49 51 52 53 54 55 56 57 58
51 33 44 45 46 47 48 49 50 52 53 54 55 57 58 59
52 21 26 44 45 46 47 48 49 50 51 54 55 56 57 58 59 60
53 18 29 45 46 47 48 49 50 51 54 55 56 57 58 59 60 61
54 41 46 47 48 49 50 51 52 53 55 56 57 58 59 60 61 62
55 0 31 47 48 49 50 51 52 53 54 56 57 59 60 61 62 63
56 0 48 49 50 52 53 54 55 57 58 59 60 61 62 63
57 0 1 8 49 50 51 52 53 54 55 56 58 60 61 62 63
58 0 2 17 29 35 50 51 52 53 54 56 57 59 60 61 63
59 0 1 2 3 42 51 52 53 54 55 56 58 60 61 62
60 0 1 2 3 4 35 39 52 53 54 55 56 57 58 59 61 62 63
61 0 1 2 3 4 5 7 53 54 55 56 57 58 59 60 62 63
62 0 1 2 3 4 5 6 40 54 55 56 57 59 60 61
63 0 1 2 3 4 5 6 31 55 56 57 58 60 61
