0 1 63 2 62 3 61
1 0 63 4 62 35 40 49
2 0 3 4 5 63 16
3 0 2 4 5 6
4 1 2 3 5 6 7 62
5 2 3 4 6 7 8
6 3 4 5 7 8 9
7 4 5 6 8 9 10 20
8 5 6 7 10 11 27 60
9 6 7 10 11 12
10 7 8 9 11 12 13
11 8 9 10 12 13 14
12 9 10 11 13 14 15 38 48
13 10 11 12 14 15 16
14 11 12 13 15 16 17
15 12 13 14 16 17 18
16 2 13 14 15 17 18
17 14 15 16 18 19 20
18 15 16 17 19 20 21
19 17 18 20 21 22
20 7 17 18 19 21 22
21 18 19 20 22 23 24 52
22 19 20 21 23 24 25
23 21 22 24 25 26
24 21 22 23 25 26 30
25 22 23 24 26 27 28
26 23 24 25 27 28 29
27 8 25 26 28 29 30
28 25 26 27 29 30 31
29 26 27 28 31 32 58 39
30 24 27 28 31 32 33
31 28 29 30 32 33 34
32 29 30 31 33 34 35
33 30 31 32 34 35 36 37
34 31 32 33 35 36 55
35 1 32 33 34 36 37 38
36 33 34 35 37 38 39
37 33 35 36 38 40
38 12 35 36 37 39 40
39 29 36 38 41 43
40 1 37 38 41 42 43
41 39 40 42 43 44
42 40 41 43 44 45
43 39 40 41 42 44 45 46
44 41 42 43 45 46 47
45 42 43 44 46 47 48
46 43 44 45 47 48 49
47 44 45 46 48 49 50
48 12 45 46 47 49 50 57
49 1 46 47 48 50 51 58
50 47 48 49 51 52 53
51 49 50 52 53 54
52 21 50 51 54 55
53 50 51 54 55 56
54 51 52 53 55 56 57
55 34 52 53 54 56 57 58
56 53 54 55 57 58 59
57 48 54 55 56 58 59
58 29 49 55 56 57 59 60
59 56 57 58 60 61 62
60 8 58 59 61 63
61 0 59 60 62 63
62 0 1 4 59 61
63 0 1 2 60 61
